[gd_scene load_steps=12 format=2]

[ext_resource path="res://addons/wahooney.itch.io/white_grid.png" type="Texture" id=1]
[ext_resource path="res://assets/cars/caterham/car.tscn" type="PackedScene" id=2]
[ext_resource path="res://player/Player.tscn" type="PackedScene" id=3]
[ext_resource path="res://Demo.gd" type="Script" id=4]
[ext_resource path="res://assets/kenney/naturePack_056.obj" type="ArrayMesh" id=5]

[sub_resource type="CubeMesh" id=1]
size = Vector3( 1000, 0.2, 1000 )

[sub_resource type="SpatialMaterial" id=3]
flags_unshaded = true
flags_world_triplanar = true
albedo_color = Color( 0.67451, 0.921569, 0.568627, 1 )
albedo_texture = ExtResource( 1 )
uv1_triplanar = true
uv2_triplanar = true

[sub_resource type="BoxShape" id=2]
margin = 0.01
extents = Vector3( 500, 0.1, 500 )

[sub_resource type="CubeMesh" id=4]
resource_local_to_scene = true
size = Vector3( 0.05, 0.05, 0.05 )
subdivide_depth = 20

[sub_resource type="CubeMesh" id=5]
resource_local_to_scene = true
size = Vector3( 0.05, 0.05, 0.05 )
subdivide_depth = 20

[sub_resource type="MultiMesh" id=6]
transform_format = 1
instance_count = 128
mesh = ExtResource( 5 )
transform_array = PoolVector3Array( 0.934991, 0, -0.0308337, 0, -0.935499, 0, -0.0308337, 0, -0.934991, 346.889, -0.1, -56.9517, -0.314233, 0, -0.865895, 0, 0.92115, 0, 0.865895, 0, -0.314233, 356.819, 0.1, -144.974, -1.16071, 0, -0.132115, 0, 1.1682, 0, 0.132115, 0, -1.16071, -434.137, 0.1, -456.472, -0.248023, 0, 0.892891, 0, -0.926699, 0, 0.892891, 0, 0.248023, -242.303, -0.1, -170.735, 0.259121, 0, 1.14857, 0, -1.17743, 0, 1.14857, 0, -0.259121, -357.478, -0.1, -121.538, 0.839289, 0, 0.189314, 0, -0.860376, 0, 0.189314, 0, -0.839289, 358.936, -0.1, -458.152, 1.1511, 0, 0.110099, 0, -1.15636, 0, 0.110099, 0, -1.1511, 41.524, -0.1, -443.589, 1.02495, 0, 0.225462, 0, -1.04946, 0, 0.225462, 0, -1.02495, 292.391, -0.1, -434.177, -0.772039, 0, -0.371934, 0, 0.856959, 0, 0.371934, 0, -0.772039, -52.1718, 0.1, -85.7777, 0.993377, 0, -0.148847, 0, -1.00447, 0, -0.148847, 0, -0.993377, 49.0141, -0.1, -354.45, -0.869579, 0, 0.0100374, 0, 0.869637, 0, -0.0100374, 0, -0.869579, 276.213, 0.1, -390.889, -0.735604, 0, 0.361063, 0, 0.819439, 0, -0.361063, 0, -0.735604, -352.832, 0.1, 96.3655, -1.08381, 0, -0.129727, 0, 1.09154, 0, 0.129727, 0, -1.08381, -149.992, 0.1, 51.9871, -1.0454, 0, -0.314341, 0, 1.09164, 0, 0.314341, 0, -1.0454, -136.348, 0.1, -474.162, -0.747385, 0, -0.394064, 0, 0.844909, 0, 0.394064, 0, -0.747385, 188.004, 0.1, -214.491, -1.03786, 0, -0.0837696, 0, 1.04124, 0, 0.0837696, 0, -1.03786, 94.075, 0.1, -340.375, 0.315882, 0, -0.988588, 0, 1.03783, 0, 0.988588, 0, 0.315882, 165.992, 0.1, -87.3054, 0.961951, 0, -0.182254, 0, -0.979064, 0, -0.182254, 0, -0.961951, 477.266, -0.1, 281.497, 0.167318, 0, -1.07771, 0, 1.09062, 0, 1.07771, 0, 0.167318, 17.2216, 0.1, 229.968, -1.07991, 0, -0.24513, 0, 1.10738, 0, 0.24513, 0, -1.07991, -434.995, 0.1, 19.5905, 0.439999, 0, -0.886454, 0, 0.989646, 0, 0.886454, 0, 0.439999, -293.065, 0.1, 479.657, -0.047349, 0, 0.946574, 0, -0.947757, 0, 0.946574, 0, 0.047349, -408.812, -0.1, 183.941, 0.445204, 0, -0.947041, 0, 1.04647, 0, 0.947041, 0, 0.445204, -58.7617, 0.1, 206.233, -0.938798, 0, -0.127213, 0, 0.947378, 0, 0.127213, 0, -0.938798, -267.269, 0.1, -312.522, -0.0972289, 0, 1.18777, 0, -1.19175, 0, 1.18777, 0, 0.0972289, -155.82, -0.1, -69.9476, -0.991374, 0, -0.508711, 0, 1.11428, 0, 0.508711, 0, -0.991374, -170.576, 0.1, -281.025, -0.740145, 0, -0.368092, 0, 0.826624, 0, 0.368092, 0, -0.740145, -45.7991, 0.1, -130.943, -0.855453, 0, -0.389422, 0, 0.939919, 0, 0.389422, 0, -0.855453, -88.7364, 0.1, -332.074, -0.845965, 0, 0.172313, 0, 0.863336, 0, -0.172313, 0, -0.845965, -410.509, 0.1, -473.543, 1.00181, 0, 0.138242, 0, -1.01131, 0, 0.138242, 0, -1.00181, 431.953, -0.1, -35.9664, 0.39836, 0, 0.7159, 0, -0.81927, 0, 0.7159, 0, -0.39836, -148.705, -0.1, 357.099, -0.837471, 0, -0.388429, 0, 0.923165, 0, 0.388429, 0, -0.837471, 272.462, 0.1, -318.943, 1.11195, 0, 0.128066, 0, -1.1193, 0, 0.128066, 0, -1.11195, 54.3549, -0.1, -192.862, 0.250271, 0, -0.902399, 0, 0.936461, 0, 0.902399, 0, 0.250271, 436.276, 0.1, 429.397, 0.757125, 0, -0.377365, 0, -0.845957, 0, -0.377365, 0, -0.757125, 437.302, -0.1, -94.7999, 1.08161, 0, -0.0695983, 0, -1.08384, 0, -0.0695983, 0, -1.08161, 260.645, -0.1, 34.2964, -0.060776, 0, 1.15797, 0, -1.15957, 0, 1.15797, 0, 0.060776, -493.371, -0.1, 376.976, -0.374659, 0, 0.824927, 0, -0.906021, 0, 0.824927, 0, 0.374659, -79.2927, -0.1, 316.722, -1.11524, 0, 0.046986, 0, 1.11623, 0, -0.046986, 0, -1.11524, -365.237, 0.1, -383.043, -0.471081, 0, -0.964194, 0, 1.07312, 0, 0.964194, 0, -0.471081, 166.446, 0.1, -12.6005, -0.182255, 0, 0.825718, 0, -0.845593, 0, 0.825718, 0, 0.182255, -4.70698, -0.1, 258.221, -0.031003, 0, -0.858884, 0, 0.859444, 0, 0.858884, 0, -0.031003, 485.909, 0.1, 237.74, 1.01557, 0, -0.407196, 0, -1.09416, 0, -0.407196, 0, -1.01557, 68.5816, -0.1, -301.637, 0.327554, 0, 1.11484, 0, -1.16196, 0, 1.11484, 0, -0.327554, -213.652, -0.1, -75.2632, 1.0105, 0, -0.194159, 0, -1.02898, 0, -0.194159, 0, -1.0105, 180.061, -0.1, -50.4309, 0.909794, 0, -0.139602, 0, -0.920442, 0, -0.139602, 0, -0.909794, 449.417, -0.1, -287.337, 1.0007, 0, 0.508671, 0, -1.12257, 0, 0.508671, 0, -1.0007, 173.091, -0.1, -364.436, -0.260321, 0, -1.00027, 0, 1.03359, 0, 1.00027, 0, -0.260321, 218.229, 0.1, 291.61, -1.16243, 0, -0.15125, 0, 1.17222, 0, 0.15125, 0, -1.16243, -245.329, 0.1, -443.47, -1.11446, 0, 0.276541, 0, 1.14826, 0, -0.276541, 0, -1.11446, -49.336, 0.1, -318.974, 0.201319, 0, -1.02869, 0, 1.0482, 0, 1.02869, 0, 0.201319, -72.9205, 0.1, 192.781, -1.00901, 0, 0.327258, 0, 1.06076, 0, -0.327258, 0, -1.00901, -318.385, 0.1, 109.511, 0.184354, 0, 1.12715, 0, -1.14212, 0, 1.12715, 0, -0.184354, -257.329, -0.1, 245.274, 0.0848205, 0, -0.992436, 0, 0.996054, 0, 0.992436, 0, 0.0848205, 134.348, 0.1, 63.5732, 0.795864, 0, 0.266753, 0, -0.839378, 0, 0.266753, 0, -0.795864, -299.521, -0.1, -442.723, 0.31994, 0, -0.794779, 0, 0.856759, 0, 0.794779, 0, 0.31994, 151.594, 0.1, 377.739, 0.417303, 0, 0.791667, 0, -0.894918, 0, 0.791667, 0, -0.417303, -450.016, -0.1, -38.5268, -1.14596, 0, 0.165277, 0, 1.15782, 0, -0.165277, 0, -1.14596, 209.052, 0.1, -269.831, -0.822337, 0, 0.401088, 0, 0.914937, 0, -0.401088, 0, -0.822337, 93.2697, 0.1, -280.173, 0.928875, 0, 0.368054, 0, -0.999136, 0, 0.368054, 0, -0.928875, 249.535, -0.1, -376.054, 1.1462, 0, 0.327654, 0, -1.19211, 0, 0.327654, 0, -1.1462, -133.77, -0.1, -352.783, 0.415783, 0, 0.925048, 0, -1.01419, 0, 0.925048, 0, -0.415783, -435.338, -0.1, -182.283, 0.45192, 0, 1.06823, 0, -1.15989, 0, 1.06823, 0, -0.45192, 312.76, -0.1, 420.315, 0.988309, 0, -0.273174, 0, -1.02537, 0, -0.273174, 0, -0.988309, 241.315, -0.1, 219.853, 0.18233, 0, 0.930548, 0, -0.948242, 0, 0.930548, 0, -0.18233, -222.758, -0.1, 160.054, -0.992642, 0, -0.503666, 0, 1.11311, 0, 0.503666, 0, -0.992642, -430.469, 0.1, -24.9466, 0.291386, 0, -1.02205, 0, 1.06278, 0, 1.02205, 0, 0.291386, 334.801, 0.1, 27.7622, -0.476383, 0, -0.844378, 0, 0.969492, 0, 0.844378, 0, -0.476383, 74.81, 0.1, 401.744, -0.310409, 0, -1.13159, 0, 1.17339, 0, 1.13159, 0, -0.310409, 246.792, 0.1, 346.404, -0.00537647, 0, -1.16363, 0, 1.16365, 0, 1.16363, 0, -0.00537647, 425.146, 0.1, -284.235, -1.00397, 0, -0.00975992, 0, 1.00402, 0, 0.00975992, 0, -1.00397, -360.622, 0.1, -464.017, -0.826805, 0, -0.29075, 0, 0.876437, 0, 0.29075, 0, -0.826805, -309.681, 0.1, -254.444, -0.189423, 0, -0.859679, 0, 0.8803, 0, 0.859679, 0, -0.189423, 291.437, 0.1, -213.124, -1.1522, 0, 0.285763, 0, 1.18711, 0, -0.285763, 0, -1.1522, -40.8693, 0.1, -303.543, -0.850956, 0, -0.355811, 0, 0.922348, 0, 0.355811, 0, -0.850956, -298.118, 0.1, -85.7965, 0.91067, 0, -0.41821, 0, -1.00211, 0, -0.41821, 0, -0.91067, 426.806, -0.1, 424.688, 0.757304, 0, -0.351324, 0, -0.834828, 0, -0.351324, 0, -0.757304, 470.03, -0.1, 30.0102, 1.10615, 0, 0.13466, 0, -1.11432, 0, 0.13466, 0, -1.10615, -274.103, -0.1, -290.563, -0.15586, 0, 0.98488, 0, -0.997136, 0, 0.98488, 0, 0.15586, -342.435, -0.1, -57.6892, 0.862155, 0, 0.302842, 0, -0.913797, 0, 0.302842, 0, -0.862155, 215.031, -0.1, 196.085, 0.298003, 0, -0.766234, 0, 0.822144, 0, 0.766234, 0, 0.298003, 130.556, 0.1, 339.281, 0.397945, 0, 0.722161, 0, -0.824546, 0, 0.722161, 0, -0.397945, -337.39, -0.1, -148.804, -0.263875, 0, -0.935826, 0, 0.972317, 0, 0.935826, 0, -0.263875, -345.655, 0.1, 394.383, -0.911136, 0, 0.421019, 0, 1.00371, 0, -0.421019, 0, -0.911136, -498.823, 0.1, -481.124, -1.11351, 0, -0.126611, 0, 1.12069, 0, 0.126611, 0, -1.11351, -389.972, 0.1, -200.667, -0.0849394, 0, -1.12886, 0, 1.13205, 0, 1.12886, 0, -0.0849394, 124.027, 0.1, 446.573, 0.0658872, 0, -0.81588, 0, 0.818536, 0, 0.81588, 0, 0.0658872, 363.228, 0.1, 301.052, -0.29535, 0, 0.931952, 0, -0.977633, 0, 0.931952, 0, 0.29535, -462.732, -0.1, -244.626, -0.84612, 0, 0.252248, 0, 0.88292, 0, -0.252248, 0, -0.84612, -416.014, 0.1, 313.877, 1.15915, 0, -0.119634, 0, -1.1653, 0, -0.119634, 0, -1.15915, 129.903, -0.1, -440.231, -0.745297, 0, -0.365606, 0, 0.830142, 0, 0.365606, 0, -0.745297, -147.83, 0.1, 131.695, 0.936462, 0, 0.0945915, 0, -0.941227, 0, 0.0945915, 0, -0.936462, 190.25, -0.1, -471.565, 0.00379628, 0, -0.858585, 0, 0.858593, 0, 0.858585, 0, 0.00379628, 468.08, 0.1, 134.117, 0.925263, 0, -0.0697156, 0, -0.927885, 0, -0.0697156, 0, -0.925263, -382.398, -0.1, -398.582, -0.145496, 0, 1.13873, 0, -1.14799, 0, 1.13873, 0, 0.145496, 300.305, -0.1, 335.241, 0.936065, 0, 0.344754, 0, -0.997533, 0, 0.344754, 0, -0.936065, 86.633, -0.1, -447.102, -0.855734, 0, 0.0848794, 0, 0.859933, 0, -0.0848794, 0, -0.855734, 322.604, 0.1, -378.212, -0.228697, 0, 0.831487, 0, -0.862365, 0, 0.831487, 0, 0.228697, -132.034, -0.1, 269.332, 0.233928, 0, 0.863512, 0, -0.894637, 0, 0.863512, 0, -0.233928, 76.8532, -0.1, 86.3131, -0.99583, 0, -0.450379, 0, 1.09294, 0, 0.450379, 0, -0.99583, -171.073, 0.1, -423.848, 0.0838184, 0, 1.00571, 0, -1.0092, 0, 1.00571, 0, -0.0838184, -403.521, -0.1, -257.919, 0.311826, 0, 0.917993, 0, -0.969508, 0, 0.917993, 0, -0.311826, -472.917, -0.1, -472.568, 0.454318, 0, -0.786441, 0, 0.908237, 0, 0.786441, 0, 0.454318, 390.622, 0.1, 271.078, 0.508618, 0, -0.897024, 0, 1.03119, 0, 0.897024, 0, 0.508618, 190.201, 0.1, 423.623, -0.88148, 0, -0.241234, 0, 0.913893, 0, 0.241234, 0, -0.88148, -139.431, 0.1, -259.592, 0.914033, 0, -0.204851, 0, -0.936707, 0, -0.204851, 0, -0.914033, 324.734, -0.1, -482.03, -0.0936368, 0, -0.985357, 0, 0.989796, 0, 0.985357, 0, -0.0936368, 481.702, 0.1, 272.171, 0.219877, 0, 0.827757, 0, -0.856462, 0, 0.827757, 0, -0.219877, 336.315, -0.1, 416.8, 0.28214, 0, 1.16525, 0, -1.19892, 0, 1.16525, 0, -0.28214, -215.721, -0.1, 267.883, -0.0309968, 0, 0.801816, 0, -0.802415, 0, 0.801816, 0, 0.0309968, -21.169, -0.1, 183.578, 0.127105, 0, -0.972373, 0, 0.980646, 0, 0.972373, 0, 0.127105, 71.659, 0.1, 154.427, -0.872696, 0, -0.378233, 0, 0.951136, 0, 0.378233, 0, -0.872696, 267.138, 0.1, -360.452, -1.16111, 0, 0.0359043, 0, 1.16167, 0, -0.0359043, 0, -1.16111, -404.431, 0.1, -375.523, -0.00889425, 0, 1.05279, 0, -1.05283, 0, 1.05279, 0, 0.00889425, -432.602, -0.1, 443.915, -0.500138, 0, 0.93566, 0, -1.06094, 0, 0.93566, 0, 0.500138, -316.746, -0.1, 274.182, -0.291592, 0, -1.11169, 0, 1.14929, 0, 1.11169, 0, -0.291592, 477.877, 0.1, -199.698, -1.03061, 0, -0.182964, 0, 1.04672, 0, 0.182964, 0, -1.03061, -50.8466, 0.1, -341.514, 1.02589, 0, -0.397921, 0, -1.10036, 0, -0.397921, 0, -1.02589, 75.9602, -0.1, -120.18, -0.0836341, 0, 0.911393, 0, -0.915222, 0, 0.911393, 0, 0.0836341, -376.422, -0.1, 382.297, 1.0768, 0, -0.234381, 0, -1.10202, 0, -0.234381, 0, -1.0768, 339.137, -0.1, -340.095, 0.466843, 0, 0.960354, 0, -1.06781, 0, 0.960354, 0, -0.466843, -245.193, -0.1, -186.45, 0.367549, 0, -0.806755, 0, 0.886536, 0, 0.806755, 0, 0.367549, 172.973, 0.1, -1.44182, 0.463685, 0, -0.883294, 0, 0.997603, 0, 0.883294, 0, 0.463685, -99.9257, 0.1, 326.627, -0.898115, 0, 0.0270364, 0, 0.898522, 0, -0.0270364, 0, -0.898115, -494.055, 0.1, -126.758, -1.01135, 0, 0.404749, 0, 1.08934, 0, -0.404749, 0, -1.01135, -146.343, 0.1, -194.67, 0.918974, 0, -0.241874, 0, -0.950271, 0, -0.241874, 0, -0.918974, 440.807, -0.1, -47.3617, 0.785528, 0, 0.176848, 0, -0.805189, 0, 0.176848, 0, -0.785528, 152.517, -0.1, -440.506, 0.390233, 0, 0.892567, 0, -0.974145, 0, 0.892567, 0, -0.390233, -410.123, -0.1, -325.61 )

[node name="Demo" type="Spatial"]
script = ExtResource( 4 )

[node name="Floor" type="StaticBody" parent="."]
collision_mask = 0

[node name="MeshInstance" type="MeshInstance" parent="Floor"]
mesh = SubResource( 1 )
material/0 = SubResource( 3 )

[node name="CollisionShape" type="CollisionShape" parent="Floor"]
shape = SubResource( 2 )

[node name="Player" parent="." instance=ExtResource( 3 )]

[node name="Skeleton" parent="Player/LeftHandController/LeftPhysicsHand/LeftHand/Armature_Left" index="0"]
bones/0/bound_children = [  ]
bones/1/bound_children = [  ]
bones/2/bound_children = [  ]
bones/3/bound_children = [  ]
bones/4/bound_children = [  ]
bones/5/bound_children = [  ]
bones/6/bound_children = [  ]
bones/7/bound_children = [  ]
bones/8/bound_children = [  ]
bones/9/bound_children = [  ]
bones/10/bound_children = [  ]
bones/11/bound_children = [  ]
bones/12/bound_children = [  ]
bones/13/bound_children = [  ]
bones/14/bound_children = [  ]
bones/15/bound_children = [  ]
bones/16/bound_children = [  ]
bones/17/bound_children = [  ]
bones/18/bound_children = [  ]
bones/19/bound_children = [  ]

[node name="BoneRoot" parent="Player/LeftHandController/LeftPhysicsHand/LeftHand/Armature_Left/Skeleton" index="1"]
transform = Transform( 1, -2.50192e-40, 1.51496e-08, 1.51445e-08, -0.025905, -0.999665, 3.92449e-10, 0.999664, -0.025905, 7.2293e-21, 0.000360775, -0.0235019 )

[node name="BoneThumbMetacarpal" parent="Player/LeftHandController/LeftPhysicsHand/LeftHand/Armature_Left/Skeleton" index="2"]
transform = Transform( 0.858407, -0.510964, 0.0453197, 0.393499, 0.599231, -0.697195, 0.329085, 0.61631, 0.715447, 1.44628e-08, -0.000522292, 0.0105753 )

[node name="BoneThumbProximal" parent="Player/LeftHandController/LeftPhysicsHand/LeftHand/Armature_Left/Skeleton" index="3"]
transform = Transform( 0.653204, -0.575626, 0.491913, 0.637544, 0.0676378, -0.767439, 0.408486, 0.814911, 0.411168, -0.0307404, 0.0355286, 0.0476535 )

[node name="BoneThumbDistal" parent="Player/LeftHandController/LeftPhysicsHand/LeftHand/Armature_Left/Skeleton" index="4"]
transform = Transform( 0.641228, -0.57023, 0.513483, 0.627228, 0.00400403, -0.778826, 0.442053, 0.821475, 0.360232, -0.0537614, 0.0382334, 0.0802443 )

[node name="BoneIndexMetacarpal" parent="Player/LeftHandController/LeftPhysicsHand/LeftHand/Armature_Left/Skeleton" index="5"]
transform = Transform( 0.999276, 0.0112952, -0.0363351, -0.0380494, 0.303049, -0.952215, 0.000255822, 0.952908, 0.303259, -1.17901e-10, -0.000522291, 0.0105752 )

[node name="BoneIndexProximal" parent="Player/LeftHandController/LeftPhysicsHand/LeftHand/Armature_Left/Skeleton" index="6"]
transform = Transform( 0.993643, 0.108167, -0.0311928, -0.0593467, 0.26786, -0.961629, -0.0956611, 0.957367, 0.272577, 0.00100868, 0.0265468, 0.0956918 )

[node name="BoneIndexMiddle" parent="Player/LeftHandController/LeftPhysicsHand/LeftHand/Armature_Left/Skeleton" index="7"]
transform = Transform( 0.984049, -0.177367, -0.0137285, -0.020051, -0.0339034, -0.999224, 0.176764, 0.983561, -0.0369191, 0.00468414, 0.0356487, 0.128223 )

[node name="BoneIndexDistal" parent="Player/LeftHandController/LeftPhysicsHand/LeftHand/Armature_Left/Skeleton" index="8"]
transform = Transform( 0.927501, -0.373365, 0.0184361, -0.00490146, -0.0614605, -0.998098, 0.373788, 0.925646, -0.0588348, -0.000317366, 0.0346926, 0.155956 )

[node name="BoneMiddleMetacarpal" parent="Player/LeftHandController/LeftPhysicsHand/LeftHand/Armature_Left/Skeleton" index="9"]
transform = Transform( 0.996581, 0.0825, 0.00438378, -0.00516692, 0.115197, -0.993329, -0.0824547, 0.98991, 0.11523, -2.08602e-09, -0.000522293, 0.0105753 )

[node name="BoneMiddleProximal" parent="Player/LeftHandController/LeftPhysicsHand/LeftHand/Armature_Left/Skeleton" index="10"]
transform = Transform( 0.999226, 0.0393314, 0.00018736, 0.00211799, -0.0490505, -0.998794, -0.0392748, 0.998021, -0.0490958, 0.00712923, 0.00943249, 0.0961184 )

[node name="BoneMiddleMiddle" parent="Player/LeftHandController/LeftPhysicsHand/LeftHand/Armature_Left/Skeleton" index="11"]
transform = Transform( 0.90112, -0.432901, 0.0240869, -0.0456923, -0.150064, -0.98762, 0.431156, 0.888863, -0.155006, 0.00830444, 0.00796703, 0.125936 )

[node name="BoneMiddleDistal" parent="Player/LeftHandController/LeftPhysicsHand/LeftHand/Armature_Left/Skeleton" index="12"]
transform = Transform( 0.723534, -0.690285, 0.00243967, -0.172605, -0.184338, -0.967588, 0.668361, 0.699661, -0.252521, -0.00511784, 0.0033142, 0.153496 )

[node name="BoneRingMetacarpal" parent="Player/LeftHandController/LeftPhysicsHand/LeftHand/Armature_Left/Skeleton" index="13"]
transform = Transform( 0.999009, 0.0444944, -0.000672045, 0.00788389, -0.191836, -0.981395, -0.0437955, 0.980418, -0.191997, -3.14338e-09, -0.000522293, 0.0105753 )

[node name="BoneRingProximal" parent="Player/LeftHandController/LeftPhysicsHand/LeftHand/Armature_Left/Skeleton" index="14"]
transform = Transform( 0.993169, 0.116494, -0.00670008, 0.0117931, -0.157336, -0.987475, -0.116089, 0.98065, -0.157635, 0.00351231, -0.015666, 0.0879703 )

[node name="BoneRingMiddle" parent="Player/LeftHandController/LeftPhysicsHand/LeftHand/Armature_Left/Skeleton" index="15"]
transform = Transform( 0.865561, -0.498619, -0.0467217, -0.166109, -0.19783, -0.96606, 0.472453, 0.843944, -0.254059, 0.00682499, -0.0201401, 0.115857 )

[node name="BoneRingDistal" parent="Player/LeftHandController/LeftPhysicsHand/LeftHand/Armature_Left/Skeleton" index="16"]
transform = Transform( 0.475025, -0.861852, -0.17766, -0.499622, -0.0979557, -0.860687, 0.724381, 0.497611, -0.477131, -0.00622966, -0.0253195, 0.137952 )

[node name="BonePinkyMetacarpal" parent="Player/LeftHandController/LeftPhysicsHand/LeftHand/Armature_Left/Skeleton" index="17"]
transform = Transform( 0.999813, 0.0166299, 0.00978245, 0.016408, -0.466135, -0.884562, -0.0101502, 0.884557, -0.466321, 3.16697e-10, -0.000522297, 0.0105754 )

[node name="BonePinkyProximal" parent="Player/LeftHandController/LeftPhysicsHand/LeftHand/Armature_Left/Skeleton" index="18"]
transform = Transform( 0.98895, -0.147942, -0.00946361, -0.0522291, -0.287969, -0.956215, 0.138739, 0.946143, -0.292514, 0.00128954, -0.0366702, 0.0791712 )

[node name="BonePinkyMiddle" parent="Player/LeftHandController/LeftPhysicsHand/LeftHand/Armature_Left/Skeleton" index="19"]
transform = Transform( 0.740024, -0.658406, -0.137349, -0.308624, -0.150972, -0.939127, 0.597591, 0.737366, -0.314923, -0.00162087, -0.0423355, 0.0977853 )

[node name="BonePinkyDistal" parent="Player/LeftHandController/LeftPhysicsHand/LeftHand/Armature_Left/Skeleton" index="20"]
transform = Transform( 0.463311, -0.822464, -0.329992, -0.51281, 0.0548708, -0.856747, 0.722751, 0.566164, -0.396346, -0.0115324, -0.0446074, 0.108884 )

[node name="Grapple_Target" parent="Player/LeftHandController/Function_Grapple_movement" index="1"]
mesh = SubResource( 4 )

[node name="Skeleton" parent="Player/RightHandController/RightPhysicsHand/RightHand/Armature_Left" index="0"]
bones/0/bound_children = [  ]
bones/1/bound_children = [  ]
bones/2/bound_children = [  ]
bones/3/bound_children = [  ]
bones/4/bound_children = [  ]
bones/5/bound_children = [  ]
bones/6/bound_children = [  ]
bones/7/bound_children = [  ]
bones/8/bound_children = [  ]
bones/9/bound_children = [  ]
bones/10/bound_children = [  ]
bones/11/bound_children = [  ]
bones/12/bound_children = [  ]
bones/13/bound_children = [  ]
bones/14/bound_children = [  ]
bones/15/bound_children = [  ]
bones/16/bound_children = [  ]
bones/17/bound_children = [  ]
bones/18/bound_children = [  ]
bones/19/bound_children = [  ]

[node name="BoneRoot" parent="Player/RightHandController/RightPhysicsHand/RightHand/Armature_Left/Skeleton" index="1"]
transform = Transform( 1, -2.50192e-40, 1.51496e-08, 1.51445e-08, -0.025905, -0.999665, 3.92449e-10, 0.999664, -0.025905, 7.2293e-21, 0.000360775, -0.0235019 )

[node name="BoneThumbMetacarpal" parent="Player/RightHandController/RightPhysicsHand/RightHand/Armature_Left/Skeleton" index="2"]
transform = Transform( 0.858407, -0.510964, 0.0453197, 0.393499, 0.599231, -0.697195, 0.329085, 0.61631, 0.715447, 1.44628e-08, -0.000522292, 0.0105753 )

[node name="BoneThumbProximal" parent="Player/RightHandController/RightPhysicsHand/RightHand/Armature_Left/Skeleton" index="3"]
transform = Transform( 0.653204, -0.575626, 0.491913, 0.637544, 0.0676378, -0.767439, 0.408486, 0.814911, 0.411168, -0.0307404, 0.0355286, 0.0476535 )

[node name="BoneThumbDistal" parent="Player/RightHandController/RightPhysicsHand/RightHand/Armature_Left/Skeleton" index="4"]
transform = Transform( 0.641228, -0.57023, 0.513483, 0.627228, 0.00400403, -0.778826, 0.442053, 0.821475, 0.360232, -0.0537614, 0.0382334, 0.0802443 )

[node name="BoneIndexMetacarpal" parent="Player/RightHandController/RightPhysicsHand/RightHand/Armature_Left/Skeleton" index="5"]
transform = Transform( 0.999276, 0.0112952, -0.0363351, -0.0380494, 0.303049, -0.952215, 0.000255822, 0.952908, 0.303259, -1.17901e-10, -0.000522291, 0.0105752 )

[node name="BoneIndexProximal" parent="Player/RightHandController/RightPhysicsHand/RightHand/Armature_Left/Skeleton" index="6"]
transform = Transform( 0.993643, 0.108167, -0.0311928, -0.0593467, 0.26786, -0.961629, -0.0956611, 0.957367, 0.272577, 0.00100868, 0.0265468, 0.0956918 )

[node name="BoneIndexMiddle" parent="Player/RightHandController/RightPhysicsHand/RightHand/Armature_Left/Skeleton" index="7"]
transform = Transform( 0.984049, -0.177367, -0.0137285, -0.020051, -0.0339034, -0.999224, 0.176764, 0.983561, -0.0369191, 0.00468414, 0.0356487, 0.128223 )

[node name="BoneIndexDistal" parent="Player/RightHandController/RightPhysicsHand/RightHand/Armature_Left/Skeleton" index="8"]
transform = Transform( 0.927501, -0.373365, 0.0184361, -0.00490146, -0.0614605, -0.998098, 0.373788, 0.925646, -0.0588348, -0.000317366, 0.0346926, 0.155956 )

[node name="BoneMiddleMetacarpal" parent="Player/RightHandController/RightPhysicsHand/RightHand/Armature_Left/Skeleton" index="9"]
transform = Transform( 0.996581, 0.0825, 0.00438378, -0.00516692, 0.115197, -0.993329, -0.0824547, 0.98991, 0.11523, -2.08602e-09, -0.000522293, 0.0105753 )

[node name="BoneMiddleProximal" parent="Player/RightHandController/RightPhysicsHand/RightHand/Armature_Left/Skeleton" index="10"]
transform = Transform( 0.999226, 0.0393314, 0.00018736, 0.00211799, -0.0490505, -0.998794, -0.0392748, 0.998021, -0.0490958, 0.00712923, 0.00943249, 0.0961184 )

[node name="BoneMiddleMiddle" parent="Player/RightHandController/RightPhysicsHand/RightHand/Armature_Left/Skeleton" index="11"]
transform = Transform( 0.90112, -0.432901, 0.0240869, -0.0456923, -0.150064, -0.98762, 0.431156, 0.888863, -0.155006, 0.00830444, 0.00796703, 0.125936 )

[node name="BoneMiddleDistal" parent="Player/RightHandController/RightPhysicsHand/RightHand/Armature_Left/Skeleton" index="12"]
transform = Transform( 0.723534, -0.690285, 0.00243967, -0.172605, -0.184338, -0.967588, 0.668361, 0.699661, -0.252521, -0.00511784, 0.0033142, 0.153496 )

[node name="BoneRingMetacarpal" parent="Player/RightHandController/RightPhysicsHand/RightHand/Armature_Left/Skeleton" index="13"]
transform = Transform( 0.999009, 0.0444944, -0.000672045, 0.00788389, -0.191836, -0.981395, -0.0437955, 0.980418, -0.191997, -3.14338e-09, -0.000522293, 0.0105753 )

[node name="BoneRingProximal" parent="Player/RightHandController/RightPhysicsHand/RightHand/Armature_Left/Skeleton" index="14"]
transform = Transform( 0.993169, 0.116494, -0.00670008, 0.0117931, -0.157336, -0.987475, -0.116089, 0.98065, -0.157635, 0.00351231, -0.015666, 0.0879703 )

[node name="BoneRingMiddle" parent="Player/RightHandController/RightPhysicsHand/RightHand/Armature_Left/Skeleton" index="15"]
transform = Transform( 0.865561, -0.498619, -0.0467217, -0.166109, -0.19783, -0.96606, 0.472453, 0.843944, -0.254059, 0.00682499, -0.0201401, 0.115857 )

[node name="BoneRingDistal" parent="Player/RightHandController/RightPhysicsHand/RightHand/Armature_Left/Skeleton" index="16"]
transform = Transform( 0.475025, -0.861852, -0.17766, -0.499622, -0.0979557, -0.860687, 0.724381, 0.497611, -0.477131, -0.00622966, -0.0253195, 0.137952 )

[node name="BonePinkyMetacarpal" parent="Player/RightHandController/RightPhysicsHand/RightHand/Armature_Left/Skeleton" index="17"]
transform = Transform( 0.999813, 0.0166299, 0.00978245, 0.016408, -0.466135, -0.884562, -0.0101502, 0.884557, -0.466321, 3.16697e-10, -0.000522297, 0.0105754 )

[node name="BonePinkyProximal" parent="Player/RightHandController/RightPhysicsHand/RightHand/Armature_Left/Skeleton" index="18"]
transform = Transform( 0.98895, -0.147942, -0.00946361, -0.0522291, -0.287969, -0.956215, 0.138739, 0.946143, -0.292514, 0.00128954, -0.0366702, 0.0791712 )

[node name="BonePinkyMiddle" parent="Player/RightHandController/RightPhysicsHand/RightHand/Armature_Left/Skeleton" index="19"]
transform = Transform( 0.740024, -0.658406, -0.137349, -0.308624, -0.150972, -0.939127, 0.597591, 0.737366, -0.314923, -0.00162087, -0.0423355, 0.0977853 )

[node name="BonePinkyDistal" parent="Player/RightHandController/RightPhysicsHand/RightHand/Armature_Left/Skeleton" index="20"]
transform = Transform( 0.463311, -0.822464, -0.329992, -0.51281, 0.0548708, -0.856747, 0.722751, 0.566164, -0.396346, -0.0115324, -0.0446074, 0.108884 )

[node name="Grapple_Target" parent="Player/RightHandController/Function_Grapple_movement" index="1"]
mesh = SubResource( 5 )

[node name="Car" parent="." instance=ExtResource( 2 )]
transform = Transform( 1, 0, 0, 0, 1, 0, 0, 0, 1, 3.428, 0.129713, -5.873 )
l_controller_path = NodePath("../Player/LeftHandController")
r_controller_path = NodePath("../Player/RightHandController")

[node name="CactusMultiMeshInstance" type="MultiMeshInstance" parent="."]
multimesh = SubResource( 6 )

[node name="naturePack_056" type="MeshInstance" parent="."]
transform = Transform( 1, 0, 0, 0, 1, 0, 0, 0, 1, 11.6277, 0.113651, 0.909956 )
mesh = ExtResource( 5 )

[connection signal="car_entered" from="Car" to="." method="_on_Car_car_entered"]
[connection signal="car_exited" from="Car" to="." method="_on_Car_car_exited"]

[editable path="Player"]
[editable path="Player/LeftHandController/LeftPhysicsHand"]
[editable path="Player/LeftHandController/LeftPhysicsHand/LeftHand"]
[editable path="Player/LeftHandController/Function_Grapple_movement"]
[editable path="Player/LeftHandController/Function_BulletTime_movement"]
[editable path="Player/RightHandController/RightPhysicsHand"]
[editable path="Player/RightHandController/RightPhysicsHand/RightHand"]
[editable path="Player/RightHandController/Function_Grapple_movement"]
[editable path="Player/RightHandController/Function_Max_Payne_Dive_movement"]
