[gd_scene load_steps=9 format=2]

[ext_resource path="res://Track/Track.tscn" type="PackedScene" id=1]
[ext_resource path="res://assets/cars/caterham/car.tscn" type="PackedScene" id=2]
[ext_resource path="res://player/Player.tscn" type="PackedScene" id=3]
[ext_resource path="res://Demo.gd" type="Script" id=4]
[ext_resource path="res://default_env.tres" type="Environment" id=5]
[ext_resource path="res://assets/cars/Viper/Viper.tscn" type="PackedScene" id=6]

[sub_resource type="CubeMesh" id=4]
resource_local_to_scene = true
size = Vector3( 0.05, 0.05, 0.05 )
subdivide_depth = 20

[sub_resource type="CubeMesh" id=5]
resource_local_to_scene = true
size = Vector3( 0.05, 0.05, 0.05 )
subdivide_depth = 20

[node name="Demo" type="Spatial"]
script = ExtResource( 4 )

[node name="Track" parent="." instance=ExtResource( 1 )]
transform = Transform( 4.5, 0, 0, 0, 2.5, 0, 0, 0, 4.5, 0, -0.21264, 0 )

[node name="Walls" parent="Track" index="0"]
transform = Transform( 1, 0, 0, 0, 0.6, 0, 0, 0, 0.455, 0, 4.58604, 0 )

[node name="Cube" parent="Track" index="1"]
transform = Transform( 1, 0, 0, 0, 40, 0, 0, 0, 1, 5.80688, 5.40544, 29.8459 )

[node name="Cube001" parent="Track" index="2"]
transform = Transform( 1, 0, 0, 0, 40, 0, 0, 0, 1, 0.0156808, 5.40544, 30.0243 )

[node name="Cube002" parent="Track" index="3"]
transform = Transform( 1, 0, 0, 0, 40, 0, 0, 0, 1, -6.08032, 5.40544, 29.96 )

[node name="Cube003" parent="Track" index="4"]
transform = Transform( 1, 0, 0, 0, 40, 0, 0, 0, 1, -11.8715, 5.40544, 29.5872 )

[node name="Cube004" parent="Track" index="5"]
transform = Transform( 1, 0, 0, 0, 40, 0, 0, 0, 1, 30.1909, 5.40544, 26.7748 )

[node name="Cube005" parent="Track" index="6"]
transform = Transform( 1, 0, 0, 0, 40, 0, 0, 0, 1, 24.3997, 5.40544, 28.0712 )

[node name="Cube006" parent="Track" index="7"]
transform = Transform( 1, 0, 0, 0, 40, 0, 0, 0, 1, 18.3037, 5.40544, 28.9589 )

[node name="Cube007" parent="Track" index="8"]
transform = Transform( 1, 0, 0, 0, 40, 0, 0, 0, 1, 12.5125, 5.40544, 29.4613 )

[node name="Cube008" parent="Track" index="9"]
transform = Transform( 1, 0, 0, 0, 40, 0, 0, 0, 1, -18.5771, 5.40544, 28.9896 )

[node name="Cube009" parent="Track" index="10"]
transform = Transform( 1, 0, 0, 0, 40, 0, 0, 0, 1, -24.3683, 5.40544, 28.0714 )

[node name="Cube010" parent="Track" index="11"]
transform = Transform( 1, 0, 0, 0, 40, 0, 0, 0, 1, -30.4643, 5.40544, 26.6067 )

[node name="Cube011" parent="Track" index="12"]
transform = Transform( 1, 0, 0, 0, 40, 0, 0, 0, 1, -36.2555, 5.40544, 25.1855 )

[node name="Cube012" parent="Track" index="13"]
transform = Transform( -1, 0, 1.50996e-07, 0, 40, 0, -1.50996e-07, 0, -1, -11.8715, 5.40544, -30.0255 )

[node name="Cube013" parent="Track" index="14"]
transform = Transform( -1, 0, 1.50996e-07, 0, 40, 0, -1.50996e-07, 0, -1, -6.08032, 5.40544, -30.242 )

[node name="Cube014" parent="Track" index="15"]
transform = Transform( -1, 0, 1.50996e-07, 0, 40, 0, -1.50996e-07, 0, -1, 0.0156813, 5.40544, -30.2423 )

[node name="Cube015" parent="Track" index="16"]
transform = Transform( -1, 0, 1.50996e-07, 0, 40, 0, -1.50996e-07, 0, -1, 5.80688, 5.40544, -29.8925 )

[node name="Cube016" parent="Track" index="17"]
transform = Transform( -1, 0, 1.50996e-07, 0, 40, 0, -1.50996e-07, 0, -1, -36.2555, 5.40544, -24.9517 )

[node name="Cube017" parent="Track" index="18"]
transform = Transform( -1, 0, 1.50996e-07, 0, 40, 0, -1.50996e-07, 0, -1, -30.4643, 5.40544, -26.5614 )

[node name="Cube018" parent="Track" index="19"]
transform = Transform( -1, 0, 1.50996e-07, 0, 40, 0, -1.50996e-07, 0, -1, -24.3683, 5.40544, -28.0229 )

[node name="Cube019" parent="Track" index="20"]
transform = Transform( -1, 0, 1.50996e-07, 0, 40, 0, -1.50996e-07, 0, -1, -18.5771, 5.40544, -29.0299 )

[node name="Cube020" parent="Track" index="21"]
transform = Transform( -1, 0, 1.50996e-07, 0, 40, 0, -1.50996e-07, 0, -1, 12.5125, 5.40544, -29.51 )

[node name="Cube021" parent="Track" index="22"]
transform = Transform( -1, 0, 1.50996e-07, 0, 40, 0, -1.50996e-07, 0, -1, 18.3037, 5.40544, -29.0258 )

[node name="Cube022" parent="Track" index="23"]
transform = Transform( -1, 0, 1.50996e-07, 0, 40, 0, -1.50996e-07, 0, -1, 24.3997, 5.40544, -27.9492 )

[node name="Cube023" parent="Track" index="24"]
transform = Transform( -1, 0, 1.50996e-07, 0, 40, 0, -1.50996e-07, 0, -1, 30.1909, 5.40544, -26.5516 )

[node name="Player" parent="." instance=ExtResource( 3 )]
transform = Transform( 1, 0, 0, 0, 1, 0, 0, 0, 1, 0, 0.871854, 0 )

[node name="BoneRoot" parent="Player/LeftHandController/LeftPhysicsHand/LeftHand/Armature_Left/Skeleton" index="1"]
transform = Transform( 1, -2.50192e-40, 1.51496e-08, 1.51445e-08, -0.025905, -0.999665, 3.92449e-10, 0.999664, -0.025905, 7.2293e-21, 0.000360775, -0.0235019 )

[node name="BoneThumbMetacarpal" parent="Player/LeftHandController/LeftPhysicsHand/LeftHand/Armature_Left/Skeleton" index="2"]
transform = Transform( 0.858407, -0.510964, 0.0453197, 0.393499, 0.599231, -0.697195, 0.329085, 0.61631, 0.715447, 1.44628e-08, -0.000522292, 0.0105753 )

[node name="BoneThumbProximal" parent="Player/LeftHandController/LeftPhysicsHand/LeftHand/Armature_Left/Skeleton" index="3"]
transform = Transform( 0.653204, -0.575626, 0.491913, 0.637544, 0.0676378, -0.767439, 0.408486, 0.814911, 0.411168, -0.0307404, 0.0355286, 0.0476535 )

[node name="BoneThumbDistal" parent="Player/LeftHandController/LeftPhysicsHand/LeftHand/Armature_Left/Skeleton" index="4"]
transform = Transform( 0.641228, -0.57023, 0.513483, 0.627228, 0.00400403, -0.778826, 0.442053, 0.821475, 0.360232, -0.0537614, 0.0382334, 0.0802443 )

[node name="BoneIndexMetacarpal" parent="Player/LeftHandController/LeftPhysicsHand/LeftHand/Armature_Left/Skeleton" index="5"]
transform = Transform( 0.999276, 0.0112952, -0.0363351, -0.0380494, 0.303049, -0.952215, 0.000255822, 0.952908, 0.303259, -1.17901e-10, -0.000522291, 0.0105752 )

[node name="BoneIndexProximal" parent="Player/LeftHandController/LeftPhysicsHand/LeftHand/Armature_Left/Skeleton" index="6"]
transform = Transform( 0.993643, 0.108167, -0.0311928, -0.0593467, 0.26786, -0.961629, -0.0956611, 0.957367, 0.272577, 0.00100868, 0.0265468, 0.0956918 )

[node name="BoneIndexMiddle" parent="Player/LeftHandController/LeftPhysicsHand/LeftHand/Armature_Left/Skeleton" index="7"]
transform = Transform( 0.984049, -0.177367, -0.0137285, -0.020051, -0.0339034, -0.999224, 0.176764, 0.983561, -0.0369191, 0.00468414, 0.0356487, 0.128223 )

[node name="BoneIndexDistal" parent="Player/LeftHandController/LeftPhysicsHand/LeftHand/Armature_Left/Skeleton" index="8"]
transform = Transform( 0.927501, -0.373365, 0.0184361, -0.00490146, -0.0614605, -0.998098, 0.373788, 0.925646, -0.0588348, -0.000317366, 0.0346926, 0.155956 )

[node name="BoneMiddleMetacarpal" parent="Player/LeftHandController/LeftPhysicsHand/LeftHand/Armature_Left/Skeleton" index="9"]
transform = Transform( 0.996581, 0.0825, 0.00438378, -0.00516692, 0.115197, -0.993329, -0.0824547, 0.98991, 0.11523, -2.08602e-09, -0.000522293, 0.0105753 )

[node name="BoneMiddleProximal" parent="Player/LeftHandController/LeftPhysicsHand/LeftHand/Armature_Left/Skeleton" index="10"]
transform = Transform( 0.999226, 0.0393314, 0.00018736, 0.00211799, -0.0490505, -0.998794, -0.0392748, 0.998021, -0.0490958, 0.00712923, 0.00943249, 0.0961184 )

[node name="BoneMiddleMiddle" parent="Player/LeftHandController/LeftPhysicsHand/LeftHand/Armature_Left/Skeleton" index="11"]
transform = Transform( 0.90112, -0.432901, 0.0240869, -0.0456923, -0.150064, -0.98762, 0.431156, 0.888863, -0.155006, 0.00830444, 0.00796703, 0.125936 )

[node name="BoneMiddleDistal" parent="Player/LeftHandController/LeftPhysicsHand/LeftHand/Armature_Left/Skeleton" index="12"]
transform = Transform( 0.723534, -0.690285, 0.00243967, -0.172605, -0.184338, -0.967588, 0.668361, 0.699661, -0.252521, -0.00511784, 0.0033142, 0.153496 )

[node name="BoneRingMetacarpal" parent="Player/LeftHandController/LeftPhysicsHand/LeftHand/Armature_Left/Skeleton" index="13"]
transform = Transform( 0.999009, 0.0444944, -0.000672045, 0.00788389, -0.191836, -0.981395, -0.0437955, 0.980418, -0.191997, -3.14338e-09, -0.000522293, 0.0105753 )

[node name="BoneRingProximal" parent="Player/LeftHandController/LeftPhysicsHand/LeftHand/Armature_Left/Skeleton" index="14"]
transform = Transform( 0.993169, 0.116494, -0.00670008, 0.0117931, -0.157336, -0.987475, -0.116089, 0.98065, -0.157635, 0.00351231, -0.015666, 0.0879703 )

[node name="BoneRingMiddle" parent="Player/LeftHandController/LeftPhysicsHand/LeftHand/Armature_Left/Skeleton" index="15"]
transform = Transform( 0.865561, -0.498619, -0.0467217, -0.166109, -0.19783, -0.96606, 0.472453, 0.843944, -0.254059, 0.00682499, -0.0201401, 0.115857 )

[node name="BoneRingDistal" parent="Player/LeftHandController/LeftPhysicsHand/LeftHand/Armature_Left/Skeleton" index="16"]
transform = Transform( 0.475025, -0.861852, -0.17766, -0.499622, -0.0979557, -0.860687, 0.724381, 0.497611, -0.477131, -0.00622966, -0.0253195, 0.137952 )

[node name="BonePinkyMetacarpal" parent="Player/LeftHandController/LeftPhysicsHand/LeftHand/Armature_Left/Skeleton" index="17"]
transform = Transform( 0.999813, 0.0166299, 0.00978245, 0.016408, -0.466135, -0.884562, -0.0101502, 0.884557, -0.466321, 3.16697e-10, -0.000522297, 0.0105754 )

[node name="BonePinkyProximal" parent="Player/LeftHandController/LeftPhysicsHand/LeftHand/Armature_Left/Skeleton" index="18"]
transform = Transform( 0.98895, -0.147942, -0.00946361, -0.0522291, -0.287969, -0.956215, 0.138739, 0.946143, -0.292514, 0.00128954, -0.0366702, 0.0791712 )

[node name="BonePinkyMiddle" parent="Player/LeftHandController/LeftPhysicsHand/LeftHand/Armature_Left/Skeleton" index="19"]
transform = Transform( 0.740024, -0.658406, -0.137349, -0.308624, -0.150972, -0.939127, 0.597591, 0.737366, -0.314923, -0.00162087, -0.0423355, 0.0977853 )

[node name="BonePinkyDistal" parent="Player/LeftHandController/LeftPhysicsHand/LeftHand/Armature_Left/Skeleton" index="20"]
transform = Transform( 0.463311, -0.822464, -0.329992, -0.51281, 0.0548708, -0.856747, 0.722751, 0.566164, -0.396346, -0.0115324, -0.0446074, 0.108884 )

[node name="Grapple_Target" parent="Player/LeftHandController/Function_Grapple_movement" index="1"]
mesh = SubResource( 4 )

[node name="BoneRoot" parent="Player/RightHandController/RightPhysicsHand/RightHand/Armature_Left/Skeleton" index="1"]
transform = Transform( 1, -2.50192e-40, 1.51496e-08, 1.51445e-08, -0.025905, -0.999665, 3.92449e-10, 0.999664, -0.025905, 7.2293e-21, 0.000360775, -0.0235019 )

[node name="BoneThumbMetacarpal" parent="Player/RightHandController/RightPhysicsHand/RightHand/Armature_Left/Skeleton" index="2"]
transform = Transform( 0.858407, -0.510964, 0.0453197, 0.393499, 0.599231, -0.697195, 0.329085, 0.61631, 0.715447, 1.44628e-08, -0.000522292, 0.0105753 )

[node name="BoneThumbProximal" parent="Player/RightHandController/RightPhysicsHand/RightHand/Armature_Left/Skeleton" index="3"]
transform = Transform( 0.653204, -0.575626, 0.491913, 0.637544, 0.0676378, -0.767439, 0.408486, 0.814911, 0.411168, -0.0307404, 0.0355286, 0.0476535 )

[node name="BoneThumbDistal" parent="Player/RightHandController/RightPhysicsHand/RightHand/Armature_Left/Skeleton" index="4"]
transform = Transform( 0.641228, -0.57023, 0.513483, 0.627228, 0.00400403, -0.778826, 0.442053, 0.821475, 0.360232, -0.0537614, 0.0382334, 0.0802443 )

[node name="BoneIndexMetacarpal" parent="Player/RightHandController/RightPhysicsHand/RightHand/Armature_Left/Skeleton" index="5"]
transform = Transform( 0.999276, 0.0112952, -0.0363351, -0.0380494, 0.303049, -0.952215, 0.000255822, 0.952908, 0.303259, -1.17901e-10, -0.000522291, 0.0105752 )

[node name="BoneIndexProximal" parent="Player/RightHandController/RightPhysicsHand/RightHand/Armature_Left/Skeleton" index="6"]
transform = Transform( 0.993643, 0.108167, -0.0311928, -0.0593467, 0.26786, -0.961629, -0.0956611, 0.957367, 0.272577, 0.00100868, 0.0265468, 0.0956918 )

[node name="BoneIndexMiddle" parent="Player/RightHandController/RightPhysicsHand/RightHand/Armature_Left/Skeleton" index="7"]
transform = Transform( 0.984049, -0.177367, -0.0137285, -0.020051, -0.0339034, -0.999224, 0.176764, 0.983561, -0.0369191, 0.00468414, 0.0356487, 0.128223 )

[node name="BoneIndexDistal" parent="Player/RightHandController/RightPhysicsHand/RightHand/Armature_Left/Skeleton" index="8"]
transform = Transform( 0.927501, -0.373365, 0.0184361, -0.00490146, -0.0614605, -0.998098, 0.373788, 0.925646, -0.0588348, -0.000317366, 0.0346926, 0.155956 )

[node name="BoneMiddleMetacarpal" parent="Player/RightHandController/RightPhysicsHand/RightHand/Armature_Left/Skeleton" index="9"]
transform = Transform( 0.996581, 0.0825, 0.00438378, -0.00516692, 0.115197, -0.993329, -0.0824547, 0.98991, 0.11523, -2.08602e-09, -0.000522293, 0.0105753 )

[node name="BoneMiddleProximal" parent="Player/RightHandController/RightPhysicsHand/RightHand/Armature_Left/Skeleton" index="10"]
transform = Transform( 0.999226, 0.0393314, 0.00018736, 0.00211799, -0.0490505, -0.998794, -0.0392748, 0.998021, -0.0490958, 0.00712923, 0.00943249, 0.0961184 )

[node name="BoneMiddleMiddle" parent="Player/RightHandController/RightPhysicsHand/RightHand/Armature_Left/Skeleton" index="11"]
transform = Transform( 0.90112, -0.432901, 0.0240869, -0.0456923, -0.150064, -0.98762, 0.431156, 0.888863, -0.155006, 0.00830444, 0.00796703, 0.125936 )

[node name="BoneMiddleDistal" parent="Player/RightHandController/RightPhysicsHand/RightHand/Armature_Left/Skeleton" index="12"]
transform = Transform( 0.723534, -0.690285, 0.00243967, -0.172605, -0.184338, -0.967588, 0.668361, 0.699661, -0.252521, -0.00511784, 0.0033142, 0.153496 )

[node name="BoneRingMetacarpal" parent="Player/RightHandController/RightPhysicsHand/RightHand/Armature_Left/Skeleton" index="13"]
transform = Transform( 0.999009, 0.0444944, -0.000672045, 0.00788389, -0.191836, -0.981395, -0.0437955, 0.980418, -0.191997, -3.14338e-09, -0.000522293, 0.0105753 )

[node name="BoneRingProximal" parent="Player/RightHandController/RightPhysicsHand/RightHand/Armature_Left/Skeleton" index="14"]
transform = Transform( 0.993169, 0.116494, -0.00670008, 0.0117931, -0.157336, -0.987475, -0.116089, 0.98065, -0.157635, 0.00351231, -0.015666, 0.0879703 )

[node name="BoneRingMiddle" parent="Player/RightHandController/RightPhysicsHand/RightHand/Armature_Left/Skeleton" index="15"]
transform = Transform( 0.865561, -0.498619, -0.0467217, -0.166109, -0.19783, -0.96606, 0.472453, 0.843944, -0.254059, 0.00682499, -0.0201401, 0.115857 )

[node name="BoneRingDistal" parent="Player/RightHandController/RightPhysicsHand/RightHand/Armature_Left/Skeleton" index="16"]
transform = Transform( 0.475025, -0.861852, -0.17766, -0.499622, -0.0979557, -0.860687, 0.724381, 0.497611, -0.477131, -0.00622966, -0.0253195, 0.137952 )

[node name="BonePinkyMetacarpal" parent="Player/RightHandController/RightPhysicsHand/RightHand/Armature_Left/Skeleton" index="17"]
transform = Transform( 0.999813, 0.0166299, 0.00978245, 0.016408, -0.466135, -0.884562, -0.0101502, 0.884557, -0.466321, 3.16697e-10, -0.000522297, 0.0105754 )

[node name="BonePinkyProximal" parent="Player/RightHandController/RightPhysicsHand/RightHand/Armature_Left/Skeleton" index="18"]
transform = Transform( 0.98895, -0.147942, -0.00946361, -0.0522291, -0.287969, -0.956215, 0.138739, 0.946143, -0.292514, 0.00128954, -0.0366702, 0.0791712 )

[node name="BonePinkyMiddle" parent="Player/RightHandController/RightPhysicsHand/RightHand/Armature_Left/Skeleton" index="19"]
transform = Transform( 0.740024, -0.658406, -0.137349, -0.308624, -0.150972, -0.939127, 0.597591, 0.737366, -0.314923, -0.00162087, -0.0423355, 0.0977853 )

[node name="BonePinkyDistal" parent="Player/RightHandController/RightPhysicsHand/RightHand/Armature_Left/Skeleton" index="20"]
transform = Transform( 0.463311, -0.822464, -0.329992, -0.51281, 0.0548708, -0.856747, 0.722751, 0.566164, -0.396346, -0.0115324, -0.0446074, 0.108884 )

[node name="Grapple_Target" parent="Player/RightHandController/Function_Grapple_movement" index="1"]
mesh = SubResource( 5 )

[node name="Car" parent="." instance=ExtResource( 2 )]
transform = Transform( 1, 0, 0, 0, 1, 0, 0, 0, 1, 3.428, 0.579148, -5.873 )
visible = false
mass = 255.102
l_controller_path = NodePath("../Player/LeftHandController")
r_controller_path = NodePath("../Player/RightHandController")
MAX_ENGINE_FORCE = 200.0
MAX_BRAKE_FORCE = 5.0

[node name="Viper" parent="." instance=ExtResource( 6 )]
transform = Transform( 1, 0, 0, 0, 1, 0, 0, 0, 1, -1.66681, 0.579435, -6.27134 )
mass = 153.061
l_controller_path = NodePath("../Player/LeftHandController")
r_controller_path = NodePath("../Player/RightHandController")
MAX_ENGINE_FORCE = 200.0
MAX_BRAKE_FORCE = 5.0
gear_ratios = [ 4.5, 3.8, 2.7, 1.5, 1.2, 1.0 ]

[node name="WorldEnvironment" type="WorldEnvironment" parent="."]
environment = ExtResource( 5 )

[connection signal="car_entered" from="Car" to="." method="_on_Car_car_entered"]
[connection signal="car_exited" from="Car" to="." method="_on_Car_car_exited"]
[connection signal="car_entered" from="Viper" to="." method="_on_Viper_car_entered"]
[connection signal="car_exited" from="Viper" to="." method="_on_Viper_car_exited"]

[editable path="Track"]
[editable path="Player"]
[editable path="Player/LeftHandController/LeftPhysicsHand"]
[editable path="Player/LeftHandController/LeftPhysicsHand/LeftHand"]
[editable path="Player/LeftHandController/Function_Grapple_movement"]
[editable path="Player/LeftHandController/Function_BulletTime_movement"]
[editable path="Player/RightHandController/RightPhysicsHand"]
[editable path="Player/RightHandController/RightPhysicsHand/RightHand"]
[editable path="Player/RightHandController/Function_Grapple_movement"]
[editable path="Player/RightHandController/Function_Max_Payne_Dive_movement"]
