[gd_scene load_steps=12 format=2]

[ext_resource path="res://addons/wahooney.itch.io/white_grid.png" type="Texture" id=1]
[ext_resource path="res://assets/cars/caterham/car.tscn" type="PackedScene" id=2]
[ext_resource path="res://player/Player.tscn" type="PackedScene" id=3]
[ext_resource path="res://Demo.gd" type="Script" id=4]
[ext_resource path="res://assets/kenney/naturePack_056.obj" type="ArrayMesh" id=5]
[ext_resource path="res://assets/cars/Viper/Viper.tscn" type="PackedScene" id=6]

[sub_resource type="CubeMesh" id=4]
resource_local_to_scene = true
size = Vector3( 0.05, 0.05, 0.05 )
subdivide_depth = 20

[sub_resource type="CubeMesh" id=5]
resource_local_to_scene = true
size = Vector3( 0.05, 0.05, 0.05 )
subdivide_depth = 20

[sub_resource type="SpatialMaterial" id=6]
flags_unshaded = true
flags_world_triplanar = true
flags_do_not_receive_shadows = true
flags_disable_ambient_light = true
albedo_color = Color( 0.0196078, 0.505882, 0.14902, 1 )
albedo_texture = ExtResource( 1 )
uv1_triplanar = true
uv2_triplanar = true

[sub_resource type="CubeMesh" id=8]
size = Vector3( 500, 0.1, 500 )

[sub_resource type="MultiMesh" id=9]
transform_format = 1
instance_count = 256
mesh = ExtResource( 5 )
transform_array = PoolVector3Array( 0.147629, 0, 0.989043, 0, -1, 0, 0.989043, 0, -0.147629, 13.5822, -0.05, -106.336, -0.909111, 0, -0.416555, 0, 1, 0, 0.416555, 0, -0.909111, -109.508, 0.05, -198.777, -0.983888, 0, 0.178784, 0, -1, 0, 0.178784, 0, 0.983888, 150.864, -0.05, 212.051, 0.927992, 0, -0.372601, 0, -1, 0, -0.372601, 0, -0.927992, -6.40411, -0.05, -209.745, -0.64261, 0, -0.766194, 0, 1, 0, 0.766194, 0, -0.64261, 139.559, 0.05, 183.751, -0.333162, 0, -0.94287, 0, 1, 0, 0.94287, 0, -0.333162, 77.162, 0.05, -138.854, -0.810766, 0, -0.58537, 0, 1, 0, 0.58537, 0, -0.810766, -182.893, 0.05, 11.8795, 0.543551, 0, 0.839376, 0, -1, 0, 0.839376, 0, -0.543551, -195.031, -0.05, -150.059, 0.406045, 0, -0.913853, 0, 1, 0, 0.913853, 0, 0.406045, -39.2993, 0.05, 112.103, -0.446862, 0, 0.894603, 0, 1, 0, -0.894603, 0, -0.446862, -22.0852, 0.05, -174.798, 0.283755, 0, -0.958897, 0, -1, 0, -0.958897, 0, -0.283755, 54.2093, -0.05, -40.261, 0.410043, 0, -0.912066, 0, 1, 0, 0.912066, 0, 0.410043, 94.4934, 0.05, -8.74274, 0.610689, 0, 0.791871, 0, -1, 0, 0.791871, 0, -0.610689, 237.834, -0.05, 88.9637, 0.931459, 0, 0.363848, 0, -1, 0, 0.363848, 0, -0.931459, 125.954, -0.05, 198.841, 0.30712, 0, 0.951671, 0, -1, 0, 0.951671, 0, -0.30712, -243.029, -0.05, 13.9784, 0.966187, 0, 0.257841, 0, -1, 0, 0.257841, 0, -0.966187, -75.3898, -0.05, 4.37909, -0.834041, 0, -0.551702, 0, 1, 0, 0.551702, 0, -0.834041, 16.7322, 0.05, -81.7764, 0.0124802, 0, -0.999922, 0, 1, 0, 0.999922, 0, 0.0124802, 204.291, 0.05, 86.0175, -0.195256, 0, -0.980752, 0, 1, 0, 0.980752, 0, -0.195256, -170.944, 0.05, 37.8686, 0.366987, 0, 0.930226, 0, -1, 0, 0.930226, 0, -0.366987, 166.014, -0.05, -205.931, -0.954923, 0, 0.296854, 0, 1, 0, -0.296854, 0, -0.954923, -166.972, 0.05, 38.0393, 0.935224, 0, 0.354057, 0, -1, 0, 0.354057, 0, -0.935224, 79.5563, -0.05, 22.8372, 0.758918, 0, 0.651186, 0, -1, 0, 0.651186, 0, -0.758918, -181.32, -0.05, -65.0665, 0.277977, 0, 0.960588, 0, -1, 0, 0.960588, 0, -0.277977, 130.977, -0.05, -90.5973, 0.398058, 0, -0.91736, 0, -1, 0, -0.91736, 0, -0.398058, -58.3223, -0.05, -177.917, 0.64842, 0, 0.761282, 0, -1, 0, 0.761282, 0, -0.64842, 85.8117, -0.05, 101.318, -0.757158, 0, 0.653232, 0, 1, 0, -0.653232, 0, -0.757158, 131.953, 0.05, -142.808, -0.103341, 0, 0.994646, 0, -1, 0, 0.994646, 0, 0.103341, -9.7636, -0.05, 183.421, 0.924909, 0, -0.380189, 0, -1, 0, -0.380189, 0, -0.924909, -122.859, -0.05, -199.309, -0.996409, 0, 0.084674, 0, -1, 0, 0.084674, 0, 0.996409, 13.0527, -0.05, 179.572, -0.704029, 0, 0.710171, 0, -1, 0, 0.710171, 0, 0.704029, -75.7837, -0.05, 49.6861, 0.977977, 0, 0.208713, 0, -1, 0, 0.208713, 0, -0.977977, -161.617, -0.05, 144.45, 0.685566, 0, -0.728011, 0, 1, 0, 0.728011, 0, 0.685566, 6.82993, 0.05, 152.36, -0.979392, 0, 0.201968, 0, -1, 0, 0.201968, 0, 0.979392, -75.8066, -0.05, 109.34, -0.63813, 0, 0.769929, 0, 1, 0, -0.769929, 0, -0.63813, -153.018, 0.05, -196.252, -0.455468, 0, 0.890252, 0, -1, 0, 0.890252, 0, 0.455468, -243.927, -0.05, -31.2458, -0.421048, 0, -0.907038, 0, 1, 0, 0.907038, 0, -0.421048, 102.115, 0.05, 85.9548, 0.957114, 0, -0.289711, 0, 1, 0, 0.289711, 0, 0.957114, -12.3687, 0.05, 14.3908, -0.48959, 0, -0.871953, 0, 1, 0, 0.871953, 0, -0.48959, -156.705, 0.05, 39.0543, 0.668405, 0, 0.743797, 0, -1, 0, 0.743797, 0, -0.668405, 158.377, -0.05, 75.4021, 0.0854568, 0, -0.996342, 0, -1, 0, -0.996342, 0, -0.0854568, 90.337, -0.05, -90.9917, -0.466189, 0, 0.884685, 0, -1, 0, 0.884685, 0, 0.466189, 123.799, -0.05, 151.655, 0.225346, 0, -0.974279, 0, -1, 0, -0.974279, 0, -0.225346, 105.048, -0.05, -81.1952, 0.307468, 0, -0.951558, 0, 1, 0, 0.951558, 0, 0.307468, 89.1466, 0.05, 131.496, 0.860459, 0, 0.50952, 0, -1, 0, 0.50952, 0, -0.860459, -202.698, -0.05, -182.515, 0.816469, 0, -0.577389, 0, 1, 0, 0.577389, 0, 0.816469, -153.954, 0.05, 243.178, 0.757694, 0, -0.652609, 0, 1, 0, 0.652609, 0, 0.757694, -154.858, 0.05, 240.472, -0.77206, 0, 0.63555, 0, 1, 0, -0.63555, 0, -0.77206, -153.832, 0.05, 28.8064, 0.52618, 0, 0.850373, 0, -1, 0, 0.850373, 0, -0.52618, 105.832, -0.05, 141.573, 0.991342, 0, -0.131304, 0, 1, 0, 0.131304, 0, 0.991342, 183.851, 0.05, 116.83, -0.181459, 0, 0.983398, 0, 1, 0, -0.983398, 0, -0.181459, -80.6431, 0.05, -21.2151, 0.577185, 0, -0.816613, 0, 1, 0, 0.816613, 0, 0.577185, -53.6004, 0.05, 146.929, 0.276916, 0, 0.960894, 0, -1, 0, 0.960894, 0, -0.276916, 55.7808, -0.05, 11.4869, 0.830694, 0, -0.55673, 0, 1, 0, 0.55673, 0, 0.830694, 200.451, 0.05, 138.356, 0.748992, 0, -0.662579, 0, 1, 0, 0.662579, 0, 0.748992, 42.4226, 0.05, -35.5407, 0.905154, 0, 0.425083, 0, -1, 0, 0.425083, 0, -0.905154, 95.6346, -0.05, -73.0136, -0.69024, 0, -0.72358, 0, 1, 0, 0.72358, 0, -0.69024, -244.477, 0.05, 197.868, -0.634414, 0, 0.772993, 0, -1, 0, 0.772993, 0, 0.634414, -138.15, -0.05, 65.709, 0.0600976, 0, -0.998192, 0, 1, 0, 0.998192, 0, 0.0600976, 247.75, 0.05, 116.623, 0.699854, 0, -0.714286, 0, 1, 0, 0.714286, 0, 0.699854, -121.015, 0.05, 228.056, 0.911021, 0, -0.412361, 0, -1, 0, -0.412361, 0, -0.911021, 34.8332, -0.05, -37.4507, 0.462721, 0, -0.886504, 0, -1, 0, -0.886504, 0, -0.462721, -111.373, -0.05, -112.109, 0.914421, 0, 0.404763, 0, -1, 0, 0.404763, 0, -0.914421, -31.3878, -0.05, 8.21405, -0.63257, 0, -0.774503, 0, 1, 0, 0.774503, 0, -0.63257, -171.736, 0.05, -53.693, 0.127965, 0, 0.991779, 0, -1, 0, 0.991779, 0, -0.127965, 200.914, -0.05, 104.468, -0.792955, 0, 0.60928, 0, -1, 0, 0.60928, 0, 0.792955, -102.06, -0.05, 29.4009, -0.341594, 0, -0.939847, 0, 1, 0, 0.939847, 0, -0.341594, -161.698, 0.05, 97.4619, 0.996962, 0, 0.0778835, 0, -1, 0, 0.0778835, 0, -0.996962, -181.604, -0.05, 47.3442, 0.800481, 0, 0.599359, 0, -1, 0, 0.599359, 0, -0.800481, -60.0344, -0.05, 13.391, -0.810266, 0, 0.586062, 0, 1, 0, -0.586062, 0, -0.810266, -197.383, 0.05, 44.1708, 0.577044, 0, -0.816713, 0, 1, 0, 0.816713, 0, 0.577044, -3.99881, 0.05, 148.572, -0.329977, 0, -0.943989, 0, 1, 0, 0.943989, 0, -0.329977, -162.708, 0.05, 23.1051, 0.489103, 0, -0.872226, 0, -1, 0, -0.872226, 0, -0.489103, 111.001, -0.05, -101.905, -0.510627, 0, -0.859802, 0, 1, 0, 0.859802, 0, -0.510627, 194.553, 0.05, 41.12, 0.910759, 0, 0.412939, 0, -1, 0, 0.412939, 0, -0.910759, 151.485, -0.05, 86.1363, 0.999792, 0, -0.0203965, 0, -1, 0, -0.0203965, 0, -0.999792, -15.1172, -0.05, -94.3415, 0.941645, 0, -0.336609, 0, -1, 0, -0.336609, 0, -0.941645, -56.061, -0.05, -147.377, -0.371477, 0, 0.928442, 0, 1, 0, -0.928442, 0, -0.371477, -119.384, 0.05, 65.8916, -0.962783, 0, 0.270275, 0, -1, 0, 0.270275, 0, 0.962783, 86.4514, -0.05, 232.007, -0.709571, 0, -0.704634, 0, 1, 0, 0.704634, 0, -0.709571, -64.1821, 0.05, 20.5504, 0.797288, 0, -0.603599, 0, 1, 0, 0.603599, 0, 0.797288, 134.582, 0.05, -120.268, -0.758952, 0, -0.651147, 0, 1, 0, 0.651147, 0, -0.758952, 211.867, 0.05, 37.0483, -0.870311, 0, 0.492503, 0, -1, 0, 0.492503, 0, 0.870311, -79.0845, -0.05, 185.393, 0.290642, 0, -0.956832, 0, -1, 0, -0.956832, 0, -0.290642, -36.5807, -0.05, -86.875, 0.496629, 0, -0.867963, 0, 1, 0, 0.867963, 0, 0.496629, -5.45981, 0.05, 171.181, -0.842908, 0, -0.538058, 0, 1, 0, 0.538058, 0, -0.842908, 188.924, 0.05, -187.48, -0.873873, 0, -0.486154, 0, 1, 0, 0.486154, 0, -0.873873, -75.6729, 0.05, 16.3032, -0.938917, 0, 0.344145, 0, -1, 0, 0.344145, 0, 0.938917, -214.067, -0.05, -101.463, 0.48945, 0, 0.872032, 0, -1, 0, 0.872032, 0, -0.48945, -165.952, -0.05, -40.7239, -0.530138, 0, -0.847912, 0, 1, 0, 0.847912, 0, -0.530138, -111.75, 0.05, 184.777, -0.449319, 0, 0.893371, 0, -1, 0, 0.893371, 0, 0.449319, -13.7891, -0.05, 205.69, -0.150051, 0, -0.988678, 0, 1, 0, 0.988678, 0, -0.150051, -202.331, 0.05, 38.8399, -0.0701866, 0, -0.997534, 0, 1, 0, 0.997534, 0, -0.0701866, 76.98, 0.05, -122.329, -0.701022, 0, -0.71314, 0, 1, 0, 0.71314, 0, -0.701022, -217.584, 0.05, -218.244, 0.477374, 0, -0.8787, 0, -1, 0, -0.8787, 0, -0.477374, 198.447, -0.05, -231.283, 0.90254, 0, 0.430607, 0, -1, 0, 0.430607, 0, -0.90254, -124.181, -0.05, 240.755, 0.858105, 0, -0.513475, 0, 1, 0, 0.513475, 0, 0.858105, 161.734, 0.05, 239.95, -0.962456, 0, 0.271436, 0, 1, 0, -0.271436, 0, -0.962456, -89.8429, 0.05, -185.542, -0.997383, 0, 0.0722946, 0, -1, 0, 0.0722946, 0, 0.997383, -220.543, -0.05, 70.9374, 0.176871, 0, -0.984234, 0, -1, 0, -0.984234, 0, -0.176871, 83.9466, -0.05, -29.8773, -0.809395, 0, -0.587265, 0, 1, 0, 0.587265, 0, -0.809395, 80.0648, 0.05, -241.028, -0.315614, 0, 0.948888, 0, 1, 0, -0.948888, 0, -0.315614, 116.073, 0.05, -136.489, -0.788076, 0, 0.615578, 0, -1, 0, 0.615578, 0, 0.788076, -41.8232, -0.05, -8.23713, -0.213843, 0, 0.976868, 0, -1, 0, 0.976868, 0, 0.213843, -112.523, -0.05, 236.088, -0.662948, 0, -0.748666, 0, 1, 0, 0.748666, 0, -0.662948, 170.127, 0.05, 211.927, -0.974321, 0, -0.225163, 0, 1, 0, 0.225163, 0, -0.974321, -15.367, 0.05, 183.751, 0.71131, 0, -0.702878, 0, 1, 0, 0.702878, 0, 0.71131, 219.795, 0.05, -179.269, -0.4257, 0, -0.904864, 0, 1, 0, 0.904864, 0, -0.4257, -141.357, 0.05, 226.661, -0.990896, 0, 0.134628, 0, 1, 0, -0.134628, 0, -0.990896, -162.708, 0.05, -169.659, -0.16456, 0, 0.986367, 0, -1, 0, 0.986367, 0, 0.16456, 224.493, -0.05, 234.948, -0.321307, 0, -0.946975, 0, 1, 0, 0.946975, 0, -0.321307, -178.097, 0.05, 27.4678, -0.653011, 0, 0.757349, 0, -1, 0, 0.757349, 0, 0.653011, -192.255, -0.05, 76.5569, 0.496973, 0, -0.867766, 0, -1, 0, -0.867766, 0, -0.496973, 152.851, -0.05, 99.223, 0.983663, 0, -0.180021, 0, 1, 0, 0.180021, 0, 0.983663, 197.08, 0.05, -39.5325, 0.209806, 0, -0.977743, 0, 1, 0, 0.977743, 0, 0.209806, 111.289, 0.05, -100.963, -0.865673, 0, -0.50061, 0, 1, 0, 0.50061, 0, -0.865673, -69.6507, 0.05, 107.159, -0.975274, 0, 0.220999, 0, -1, 0, 0.220999, 0, 0.975274, -181.218, -0.05, 60.5768, 0.473083, 0, -0.881018, 0, 1, 0, 0.881018, 0, 0.473083, 69.0207, 0.05, 216.302, -0.678528, 0, -0.734574, 0, 1, 0, 0.734574, 0, -0.678528, 101.163, 0.05, -224.711, 0.990079, 0, 0.140511, 0, -1, 0, 0.140511, 0, -0.990079, -127.081, -0.05, -107.122, 0.114463, 0, -0.993428, 0, 1, 0, 0.993428, 0, 0.114463, 135.157, 0.05, -104.156, 0.771242, 0, 0.636542, 0, -1, 0, 0.636542, 0, -0.771242, 4.56006, -0.05, -76.5471, -0.984482, 0, -0.175486, 0, 1, 0, 0.175486, 0, -0.984482, 25.2642, 0.05, 60.2416, 0.822895, 0, 0.568194, 0, -1, 0, 0.568194, 0, -0.822895, 61.827, -0.05, -74.9986, 0.737113, 0, -0.67577, 0, 1, 0, 0.67577, 0, 0.737113, -127.907, 0.05, 134.312, -0.166356, 0, 0.986066, 0, 1, 0, -0.986066, 0, -0.166356, 128.035, 0.05, -144.285, 0.406462, 0, -0.913668, 0, 1, 0, 0.913668, 0, 0.406462, 244.092, 0.05, 126.088, -0.625863, 0, 0.779933, 0, -1, 0, 0.779933, 0, 0.625863, -211.94, -0.05, -1.50731, -0.45755, 0, -0.889184, 0, 1, 0, 0.889184, 0, -0.45755, -235.592, 0.05, -159.724, -0.934449, 0, 0.356097, 0, -1, 0, 0.356097, 0, 0.934449, -78.2172, -0.05, -17.2006, 0.755503, 0, 0.655145, 0, -1, 0, 0.655145, 0, -0.755503, 54.4789, -0.05, -169.85, 0.19252, 0, 0.981293, 0, -1, 0, 0.981293, 0, -0.19252, -128.619, -0.05, -90.4879, 0.4421, 0, 0.896966, 0, -1, 0, 0.896966, 0, -0.4421, -39.6394, -0.05, 184.48, -0.85307, 0, 0.521797, 0, 1, 0, -0.521797, 0, -0.85307, -12.5767, 0.05, -64.0511, 0.535949, 0, -0.84425, 0, 1, 0, 0.84425, 0, 0.535949, 2.07492, 0.05, 179.38, -0.337967, 0, -0.941158, 0, 1, 0, 0.941158, 0, -0.337967, -70.0109, 0.05, -130.916, -0.194038, 0, 0.980994, 0, -1, 0, 0.980994, 0, 0.194038, -48.5187, -0.05, 221.487, 0.536471, 0, -0.843919, 0, 1, 0, 0.843919, 0, 0.536471, 141.903, 0.05, 23.0168, 0.601238, 0, 0.79907, 0, -1, 0, 0.79907, 0, -0.601238, -155.945, -0.05, 229.311, -0.895568, 0, 0.444924, 0, -1, 0, 0.444924, 0, 0.895568, -50.6367, -0.05, 242.439, -0.0320543, 0, 0.999486, 0, -1, 0, 0.999486, 0, 0.0320543, -133.091, -0.05, 21.193, 0.573626, 0, -0.819117, 0, -1, 0, -0.819117, 0, -0.573626, 43.0692, -0.05, -230.358, -0.600181, 0, 0.799864, 0, -1, 0, 0.799864, 0, 0.600181, -209.209, -0.05, -8.06342, 0.657419, 0, -0.753526, 0, -1, 0, -0.753526, 0, -0.657419, 89.6368, -0.05, -71.4423, -0.626715, 0, -0.779249, 0, 1, 0, 0.779249, 0, -0.626715, -64.4456, 0.05, 71.1978, -0.0599911, 0, -0.998199, 0, 1, 0, 0.998199, 0, -0.0599911, 236.188, 0.05, 194.933, -0.196255, 0, 0.980553, 0, -1, 0, 0.980553, 0, 0.196255, -119.031, -0.05, 27.6744, -0.196788, 0, -0.980446, 0, 1, 0, 0.980446, 0, -0.196788, 173.387, 0.05, 243.912, 0.656268, 0, -0.754528, 0, -1, 0, -0.754528, 0, -0.656268, 239.376, -0.05, -232.272, -0.995322, 0, -0.0966159, 0, 1, 0, 0.0966159, 0, -0.995322, -82.2217, 0.05, 27.8962, 0.203493, 0, -0.979076, 0, 1, 0, 0.979076, 0, 0.203493, 176.209, 0.05, -97.8899, -0.507605, 0, -0.86159, 0, 1, 0, 0.86159, 0, -0.507605, 203.091, 0.05, -161.789, -0.92363, 0, 0.383286, 0, -1, 0, 0.383286, 0, 0.92363, 128.268, -0.05, 143.941, -0.953743, 0, -0.300624, 0, 1, 0, 0.300624, 0, -0.953743, -214.126, 0.05, 232.73, 0.513848, 0, 0.857881, 0, -1, 0, 0.857881, 0, -0.513848, 214.779, -0.05, -199.701, -0.116768, 0, 0.993159, 0, 1, 0, -0.993159, 0, -0.116768, -120.39, 0.05, 77.249, -0.995608, 0, -0.0936206, 0, 1, 0, 0.0936206, 0, -0.995608, 181.531, 0.05, -16.9633, -0.26142, 0, -0.965225, 0, 1, 0, 0.965225, 0, -0.26142, 209.344, 0.05, 159.263, 0.533166, 0, -0.84601, 0, 1, 0, 0.84601, 0, 0.533166, 233.875, 0.05, -175.917, 0.546156, 0, -0.837683, 0, -1, 0, -0.837683, 0, -0.546156, -57.2201, -0.05, -99.1475, 0.583929, 0, 0.811804, 0, -1, 0, 0.811804, 0, -0.583929, -76.6452, -0.05, -110.139, -0.963296, 0, -0.268443, 0, 1, 0, 0.268443, 0, -0.963296, -166.293, 0.05, 45.649, 0.111071, 0, -0.993812, 0, 1, 0, 0.993812, 0, 0.111071, 79.1565, 0.05, 78.8945, 0.790136, 0, -0.612931, 0, 1, 0, 0.612931, 0, 0.790136, 21.6402, 0.05, 190.151, -0.874683, 0, -0.484695, 0, 1, 0, 0.484695, 0, -0.874683, -24.1913, 0.05, 164.201, -0.986046, 0, -0.166472, 0, 1, 0, 0.166472, 0, -0.986046, -190.108, 0.05, -140.511, 0.972478, 0, -0.232995, 0, 1, 0, 0.232995, 0, 0.972478, 219.376, 0.05, -34.2075, -0.981063, 0, -0.193691, 0, 1, 0, 0.193691, 0, -0.981063, 140.147, 0.05, -178.457, -0.881784, 0, -0.471653, 0, 1, 0, 0.471653, 0, -0.881784, 81.312, 0.05, -71.566, 0.131436, 0, 0.991325, 0, -1, 0, 0.991325, 0, -0.131436, 35.8662, -0.05, -24.334, 0.676338, 0, -0.736591, 0, 1, 0, 0.736591, 0, 0.676338, 39.89, 0.05, 7.84314, 0.970172, 0, 0.242417, 0, -1, 0, 0.242417, 0, -0.970172, -49.4335, -0.05, 155.212, 0.410592, 0, 0.911819, 0, -1, 0, 0.911819, 0, -0.410592, -210.227, -0.05, 230.08, -0.990847, 0, 0.134992, 0, -1, 0, 0.134992, 0, 0.990847, -241.901, -0.05, 61.4891, -0.823054, 0, -0.567963, 0, 1, 0, 0.567963, 0, -0.823054, -27.7806, 0.05, -124.958, 0.554026, 0, 0.832499, 0, -1, 0, 0.832499, 0, -0.554026, 205.927, -0.05, 127.733, 0.93745, 0, -0.348121, 0, 1, 0, 0.348121, 0, 0.93745, 125.955, 0.05, 85.1197, 0.00572131, 0, -0.999984, 0, 1, 0, 0.999984, 0, 0.00572131, -132.315, 0.05, 166.433, 0.94823, 0, 0.317584, 0, -1, 0, 0.317584, 0, -0.94823, 15.654, -0.05, 68.3585, 0.075735, 0, 0.997128, 0, -1, 0, 0.997128, 0, -0.075735, -214.571, -0.05, 68.0517, -0.330877, 0, 0.943674, 0, -1, 0, 0.943674, 0, 0.330877, 35.5497, -0.05, 212.469, 0.964261, 0, -0.264953, 0, 1, 0, 0.264953, 0, 0.964261, -20.1713, 0.05, 205.515, -0.997651, 0, -0.0685007, 0, 1, 0, 0.0685007, 0, -0.997651, 203.159, 0.05, 248.843, 0.19289, 0, -0.98122, 0, 1, 0, 0.98122, 0, 0.19289, 81.7255, 0.05, -26.2114, 0.994156, 0, -0.107956, 0, 1, 0, 0.107956, 0, 0.994156, 228.186, 0.05, 79, -0.271347, 0, -0.962481, 0, 1, 0, 0.962481, 0, -0.271347, -50.856, 0.05, -32.7348, 0.765827, 0, 0.643046, 0, -1, 0, 0.643046, 0, -0.765827, 98.5503, -0.05, -14.216, -0.864313, 0, -0.502954, 0, 1, 0, 0.502954, 0, -0.864313, -59.2603, 0.05, 10.3332, 0.990686, 0, -0.136163, 0, 1, 0, 0.136163, 0, 0.990686, 131.855, 0.05, -47.0214, 0.999412, 0, 0.0342976, 0, -1, 0, 0.0342976, 0, -0.999412, 249.647, -0.05, 193.478, -0.988276, 0, 0.152679, 0, 1, 0, -0.152679, 0, -0.988276, -165.882, 0.05, -70.2948, 0.61729, 0, -0.786736, 0, -1, 0, -0.786736, 0, -0.61729, -13.1254, -0.05, -236.496, 0.955047, 0, -0.296454, 0, -1, 0, -0.296454, 0, -0.955047, 145.965, -0.05, -135.045, 0.893736, 0, -0.448593, 0, -1, 0, -0.448593, 0, -0.893736, -172.582, -0.05, -232.139, -0.132179, 0, -0.991226, 0, 1, 0, 0.991226, 0, -0.132179, -190.974, 0.05, 166.954, -0.0721819, 0, 0.997391, 0, 1, 0, -0.997391, 0, -0.0721819, -212.047, 0.05, 59.8847, 0.757714, 0, 0.652587, 0, -1, 0, 0.652587, 0, -0.757714, -76.4801, -0.05, -98.4524, -0.162977, 0, 0.98663, 0, 1, 0, -0.98663, 0, -0.162977, -110.758, 0.05, -116.919, 0.477821, 0, -0.878457, 0, -1, 0, -0.878457, 0, -0.477821, 126.944, -0.05, 93.023, -0.779632, 0, 0.626238, 0, 1, 0, -0.626238, 0, -0.779632, -42.2253, 0.05, -2.20262, 0.592982, 0, 0.805216, 0, -1, 0, 0.805216, 0, -0.592982, 88.1818, -0.05, -32.3121, 0.81611, 0, -0.577897, 0, -1, 0, -0.577897, 0, -0.81611, 139.116, -0.05, 109.892, 0.551142, 0, 0.834411, 0, -1, 0, 0.834411, 0, -0.551142, -216.699, -0.05, -248.316, 0.890387, 0, 0.455205, 0, -1, 0, 0.455205, 0, -0.890387, 80.3745, -0.05, -201.548, -0.777174, 0, 0.629286, 0, -1, 0, 0.629286, 0, 0.777174, -203.524, -0.05, -202.636, -0.990153, 0, -0.139991, 0, 1, 0, 0.139991, 0, -0.990153, -95.4707, 0.05, -27.2329, -0.614942, 0, -0.788573, 0, 1, 0, 0.788573, 0, -0.614942, 75.1398, 0.05, 180.584, -0.626241, 0, 0.779629, 0, -1, 0, 0.779629, 0, 0.626241, -25.2818, -0.05, 61.817, -0.983981, 0, 0.178272, 0, 1, 0, -0.178272, 0, -0.983981, -142.299, 0.05, -98.0689, -0.999155, 0, 0.0410997, 0, 1, 0, -0.0410997, 0, -0.999155, -240.652, 0.05, 54.2349, 0.890236, 0, -0.455499, 0, 1, 0, 0.455499, 0, 0.890236, 131.783, 0.05, -114.371, -0.189247, 0, -0.98193, 0, 1, 0, 0.98193, 0, -0.189247, -29.1979, 0.05, 236.872, -0.247898, 0, -0.968786, 0, 1, 0, 0.968786, 0, -0.247898, 93.3003, 0.05, 14.0917, -0.925449, 0, 0.378873, 0, -1, 0, 0.378873, 0, 0.925449, 94.6666, -0.05, 102.21, 0.989539, 0, -0.144266, 0, -1, 0, -0.144266, 0, -0.989539, 220.276, -0.05, -54.7918, 0.968813, 0, -0.247792, 0, -1, 0, -0.247792, 0, -0.968813, 208.624, -0.05, -16.9902, -0.970529, 0, 0.240985, 0, 1, 0, -0.240985, 0, -0.970529, -53.7186, 0.05, 46.4018, -0.192732, 0, 0.981251, 0, -1, 0, 0.981251, 0, 0.192732, -57.9228, -0.05, 72.0725, 0.0154497, 0, -0.999881, 0, 1, 0, 0.999881, 0, 0.0154497, 249.9, 0.05, -110.826, 0.119456, 0, 0.992839, 0, -1, 0, 0.992839, 0, -0.119456, 213.148, -0.05, -228.356, -0.976467, 0, -0.215665, 0, 1, 0, 0.215665, 0, -0.976467, 39.8667, 0.05, 70.9983, 0.904239, 0, 0.427027, 0, -1, 0, 0.427027, 0, -0.904239, -42.4699, -0.05, -132.782, -0.424174, 0, 0.90558, 0, 1, 0, -0.90558, 0, -0.424174, -112.278, 0.05, 29.1768, -0.152024, 0, 0.988377, 0, 1, 0, -0.988377, 0, -0.152024, 152.095, 0.05, -201.467, 0.222345, 0, -0.974968, 0, -1, 0, -0.974968, 0, -0.222345, -29.0926, -0.05, -58.7749, -0.0950906, 0, 0.995469, 0, -1, 0, 0.995469, 0, 0.0950906, 167.204, -0.05, 238.625, -0.308516, 0, -0.951219, 0, 1, 0, 0.951219, 0, -0.308516, 182.254, 0.05, 14.6763, -0.99393, 0, 0.110014, 0, 1, 0, -0.110014, 0, -0.99393, 84.255, 0.05, -174.26, 0.97285, 0, -0.231437, 0, -1, 0, -0.231437, 0, -0.97285, 97.7889, -0.05, -15.1554, 0.773733, 0, -0.633512, 0, -1, 0, -0.633512, 0, -0.773733, 203.792, -0.05, 118.759, 0.221176, 0, 0.975234, 0, -1, 0, 0.975234, 0, -0.221176, -131.248, -0.05, 165.976, -0.933996, 0, 0.357284, 0, 1, 0, -0.357284, 0, -0.933996, -234.494, 0.05, -141.665, -0.859167, 0, 0.511695, 0, 1, 0, -0.511695, 0, -0.859167, -233.272, 0.05, -249.338, 0.0872229, 0, 0.996189, 0, -1, 0, 0.996189, 0, -0.0872229, 194.104, -0.05, 148.264, 0.997214, 0, -0.0745992, 0, -1, 0, -0.0745992, 0, -0.997214, 63.4662, -0.05, -17.9808, 0.733804, 0, 0.679361, 0, -1, 0, 0.679361, 0, -0.733804, -138.681, -0.05, 211.394, -0.834273, 0, -0.551352, 0, 1, 0, 0.551352, 0, -0.834273, -221.272, 0.05, -2.94885, -0.997174, 0, -0.0751218, 0, 1, 0, 0.0751218, 0, -0.997174, 169.776, 0.05, 155.416, -0.241332, 0, 0.970443, 0, 1, 0, -0.970443, 0, -0.241332, -136.471, 0.05, -106.9, -0.452353, 0, -0.891839, 0, 1, 0, 0.891839, 0, -0.452353, -54.1943, 0.05, 17.2563, 0.503027, 0, -0.864271, 0, -1, 0, -0.864271, 0, -0.503027, 244.411, -0.05, -201.245, 0.986174, 0, 0.16571, 0, -1, 0, 0.16571, 0, -0.986174, 213.286, -0.05, -6.48406, -0.446093, 0, 0.894987, 0, -1, 0, 0.894987, 0, 0.446093, -235.572, -0.05, 173.746, 0.0827239, 0, -0.996572, 0, -1, 0, -0.996572, 0, -0.0827239, 195.777, -0.05, -105.17, -0.461123, 0, 0.887336, 0, -1, 0, 0.887336, 0, 0.461123, -248.676, -0.05, 177.686, 0.483802, 0, 0.875178, 0, -1, 0, 0.875178, 0, -0.483802, -101.113, -0.05, -147.792, 0.82318, 0, -0.567781, 0, 1, 0, 0.567781, 0, 0.82318, -11.5276, 0.05, 54.2962, -0.845387, 0, -0.534154, 0, 1, 0, 0.534154, 0, -0.845387, -160.104, 0.05, -109.279, 0.710432, 0, -0.703766, 0, 1, 0, 0.703766, 0, 0.710432, 79.7873, 0.05, 110.297, -0.0675518, 0, -0.997716, 0, 1, 0, 0.997716, 0, -0.0675518, 86.6505, 0.05, 179.522, 0.568684, 0, 0.822556, 0, -1, 0, 0.822556, 0, -0.568684, 111.686, -0.05, 201.009, 0.970641, 0, 0.240535, 0, -1, 0, 0.240535, 0, -0.970641, -245.583, -0.05, 32.6411, 0.95005, 0, 0.312099, 0, -1, 0, 0.312099, 0, -0.95005, -15.9284, -0.05, 159.9, 0.288455, 0, -0.957493, 0, 1, 0, 0.957493, 0, 0.288455, 234.813, 0.05, 26.567, -0.400094, 0, 0.916474, 0, 1, 0, -0.916474, 0, -0.400094, -186.143, 0.05, -243.836, -0.342648, 0, -0.939464, 0, 1, 0, 0.939464, 0, -0.342648, -220.845, 0.05, 20.5699 )

[node name="Demo" type="Spatial"]
script = ExtResource( 4 )

[node name="Player" parent="." instance=ExtResource( 3 )]

[node name="BoneRoot" parent="Player/LeftHandController/LeftPhysicsHand/LeftHand/Armature_Left/Skeleton" index="1"]
transform = Transform( 1, -2.50192e-40, 1.51496e-08, 1.51445e-08, -0.025905, -0.999665, 3.92449e-10, 0.999664, -0.025905, 7.2293e-21, 0.000360775, -0.0235019 )

[node name="BoneThumbMetacarpal" parent="Player/LeftHandController/LeftPhysicsHand/LeftHand/Armature_Left/Skeleton" index="2"]
transform = Transform( 0.858407, -0.510964, 0.0453197, 0.393499, 0.599231, -0.697195, 0.329085, 0.61631, 0.715447, 1.44628e-08, -0.000522292, 0.0105753 )

[node name="BoneThumbProximal" parent="Player/LeftHandController/LeftPhysicsHand/LeftHand/Armature_Left/Skeleton" index="3"]
transform = Transform( 0.653204, -0.575626, 0.491913, 0.637544, 0.0676378, -0.767439, 0.408486, 0.814911, 0.411168, -0.0307404, 0.0355286, 0.0476535 )

[node name="BoneThumbDistal" parent="Player/LeftHandController/LeftPhysicsHand/LeftHand/Armature_Left/Skeleton" index="4"]
transform = Transform( 0.641228, -0.57023, 0.513483, 0.627228, 0.00400403, -0.778826, 0.442053, 0.821475, 0.360232, -0.0537614, 0.0382334, 0.0802443 )

[node name="BoneIndexMetacarpal" parent="Player/LeftHandController/LeftPhysicsHand/LeftHand/Armature_Left/Skeleton" index="5"]
transform = Transform( 0.999276, 0.0112952, -0.0363351, -0.0380494, 0.303049, -0.952215, 0.000255822, 0.952908, 0.303259, -1.17901e-10, -0.000522291, 0.0105752 )

[node name="BoneIndexProximal" parent="Player/LeftHandController/LeftPhysicsHand/LeftHand/Armature_Left/Skeleton" index="6"]
transform = Transform( 0.993643, 0.108167, -0.0311928, -0.0593467, 0.26786, -0.961629, -0.0956611, 0.957367, 0.272577, 0.00100868, 0.0265468, 0.0956918 )

[node name="BoneIndexMiddle" parent="Player/LeftHandController/LeftPhysicsHand/LeftHand/Armature_Left/Skeleton" index="7"]
transform = Transform( 0.984049, -0.177367, -0.0137285, -0.020051, -0.0339034, -0.999224, 0.176764, 0.983561, -0.0369191, 0.00468414, 0.0356487, 0.128223 )

[node name="BoneIndexDistal" parent="Player/LeftHandController/LeftPhysicsHand/LeftHand/Armature_Left/Skeleton" index="8"]
transform = Transform( 0.927501, -0.373365, 0.0184361, -0.00490146, -0.0614605, -0.998098, 0.373788, 0.925646, -0.0588348, -0.000317366, 0.0346926, 0.155956 )

[node name="BoneMiddleMetacarpal" parent="Player/LeftHandController/LeftPhysicsHand/LeftHand/Armature_Left/Skeleton" index="9"]
transform = Transform( 0.996581, 0.0825, 0.00438378, -0.00516692, 0.115197, -0.993329, -0.0824547, 0.98991, 0.11523, -2.08602e-09, -0.000522293, 0.0105753 )

[node name="BoneMiddleProximal" parent="Player/LeftHandController/LeftPhysicsHand/LeftHand/Armature_Left/Skeleton" index="10"]
transform = Transform( 0.999226, 0.0393314, 0.00018736, 0.00211799, -0.0490505, -0.998794, -0.0392748, 0.998021, -0.0490958, 0.00712923, 0.00943249, 0.0961184 )

[node name="BoneMiddleMiddle" parent="Player/LeftHandController/LeftPhysicsHand/LeftHand/Armature_Left/Skeleton" index="11"]
transform = Transform( 0.90112, -0.432901, 0.0240869, -0.0456923, -0.150064, -0.98762, 0.431156, 0.888863, -0.155006, 0.00830444, 0.00796703, 0.125936 )

[node name="BoneMiddleDistal" parent="Player/LeftHandController/LeftPhysicsHand/LeftHand/Armature_Left/Skeleton" index="12"]
transform = Transform( 0.723534, -0.690285, 0.00243967, -0.172605, -0.184338, -0.967588, 0.668361, 0.699661, -0.252521, -0.00511784, 0.0033142, 0.153496 )

[node name="BoneRingMetacarpal" parent="Player/LeftHandController/LeftPhysicsHand/LeftHand/Armature_Left/Skeleton" index="13"]
transform = Transform( 0.999009, 0.0444944, -0.000672045, 0.00788389, -0.191836, -0.981395, -0.0437955, 0.980418, -0.191997, -3.14338e-09, -0.000522293, 0.0105753 )

[node name="BoneRingProximal" parent="Player/LeftHandController/LeftPhysicsHand/LeftHand/Armature_Left/Skeleton" index="14"]
transform = Transform( 0.993169, 0.116494, -0.00670008, 0.0117931, -0.157336, -0.987475, -0.116089, 0.98065, -0.157635, 0.00351231, -0.015666, 0.0879703 )

[node name="BoneRingMiddle" parent="Player/LeftHandController/LeftPhysicsHand/LeftHand/Armature_Left/Skeleton" index="15"]
transform = Transform( 0.865561, -0.498619, -0.0467217, -0.166109, -0.19783, -0.96606, 0.472453, 0.843944, -0.254059, 0.00682499, -0.0201401, 0.115857 )

[node name="BoneRingDistal" parent="Player/LeftHandController/LeftPhysicsHand/LeftHand/Armature_Left/Skeleton" index="16"]
transform = Transform( 0.475025, -0.861852, -0.17766, -0.499622, -0.0979557, -0.860687, 0.724381, 0.497611, -0.477131, -0.00622966, -0.0253195, 0.137952 )

[node name="BonePinkyMetacarpal" parent="Player/LeftHandController/LeftPhysicsHand/LeftHand/Armature_Left/Skeleton" index="17"]
transform = Transform( 0.999813, 0.0166299, 0.00978245, 0.016408, -0.466135, -0.884562, -0.0101502, 0.884557, -0.466321, 3.16697e-10, -0.000522297, 0.0105754 )

[node name="BonePinkyProximal" parent="Player/LeftHandController/LeftPhysicsHand/LeftHand/Armature_Left/Skeleton" index="18"]
transform = Transform( 0.98895, -0.147942, -0.00946361, -0.0522291, -0.287969, -0.956215, 0.138739, 0.946143, -0.292514, 0.00128954, -0.0366702, 0.0791712 )

[node name="BonePinkyMiddle" parent="Player/LeftHandController/LeftPhysicsHand/LeftHand/Armature_Left/Skeleton" index="19"]
transform = Transform( 0.740024, -0.658406, -0.137349, -0.308624, -0.150972, -0.939127, 0.597591, 0.737366, -0.314923, -0.00162087, -0.0423355, 0.0977853 )

[node name="BonePinkyDistal" parent="Player/LeftHandController/LeftPhysicsHand/LeftHand/Armature_Left/Skeleton" index="20"]
transform = Transform( 0.463311, -0.822464, -0.329992, -0.51281, 0.0548708, -0.856747, 0.722751, 0.566164, -0.396346, -0.0115324, -0.0446074, 0.108884 )

[node name="Grapple_Target" parent="Player/LeftHandController/Function_Grapple_movement" index="1"]
mesh = SubResource( 4 )

[node name="BoneRoot" parent="Player/RightHandController/RightPhysicsHand/RightHand/Armature_Left/Skeleton" index="1"]
transform = Transform( 1, -2.50192e-40, 1.51496e-08, 1.51445e-08, -0.025905, -0.999665, 3.92449e-10, 0.999664, -0.025905, 7.2293e-21, 0.000360775, -0.0235019 )

[node name="BoneThumbMetacarpal" parent="Player/RightHandController/RightPhysicsHand/RightHand/Armature_Left/Skeleton" index="2"]
transform = Transform( 0.858407, -0.510964, 0.0453197, 0.393499, 0.599231, -0.697195, 0.329085, 0.61631, 0.715447, 1.44628e-08, -0.000522292, 0.0105753 )

[node name="BoneThumbProximal" parent="Player/RightHandController/RightPhysicsHand/RightHand/Armature_Left/Skeleton" index="3"]
transform = Transform( 0.653204, -0.575626, 0.491913, 0.637544, 0.0676378, -0.767439, 0.408486, 0.814911, 0.411168, -0.0307404, 0.0355286, 0.0476535 )

[node name="BoneThumbDistal" parent="Player/RightHandController/RightPhysicsHand/RightHand/Armature_Left/Skeleton" index="4"]
transform = Transform( 0.641228, -0.57023, 0.513483, 0.627228, 0.00400403, -0.778826, 0.442053, 0.821475, 0.360232, -0.0537614, 0.0382334, 0.0802443 )

[node name="BoneIndexMetacarpal" parent="Player/RightHandController/RightPhysicsHand/RightHand/Armature_Left/Skeleton" index="5"]
transform = Transform( 0.999276, 0.0112952, -0.0363351, -0.0380494, 0.303049, -0.952215, 0.000255822, 0.952908, 0.303259, -1.17901e-10, -0.000522291, 0.0105752 )

[node name="BoneIndexProximal" parent="Player/RightHandController/RightPhysicsHand/RightHand/Armature_Left/Skeleton" index="6"]
transform = Transform( 0.993643, 0.108167, -0.0311928, -0.0593467, 0.26786, -0.961629, -0.0956611, 0.957367, 0.272577, 0.00100868, 0.0265468, 0.0956918 )

[node name="BoneIndexMiddle" parent="Player/RightHandController/RightPhysicsHand/RightHand/Armature_Left/Skeleton" index="7"]
transform = Transform( 0.984049, -0.177367, -0.0137285, -0.020051, -0.0339034, -0.999224, 0.176764, 0.983561, -0.0369191, 0.00468414, 0.0356487, 0.128223 )

[node name="BoneIndexDistal" parent="Player/RightHandController/RightPhysicsHand/RightHand/Armature_Left/Skeleton" index="8"]
transform = Transform( 0.927501, -0.373365, 0.0184361, -0.00490146, -0.0614605, -0.998098, 0.373788, 0.925646, -0.0588348, -0.000317366, 0.0346926, 0.155956 )

[node name="BoneMiddleMetacarpal" parent="Player/RightHandController/RightPhysicsHand/RightHand/Armature_Left/Skeleton" index="9"]
transform = Transform( 0.996581, 0.0825, 0.00438378, -0.00516692, 0.115197, -0.993329, -0.0824547, 0.98991, 0.11523, -2.08602e-09, -0.000522293, 0.0105753 )

[node name="BoneMiddleProximal" parent="Player/RightHandController/RightPhysicsHand/RightHand/Armature_Left/Skeleton" index="10"]
transform = Transform( 0.999226, 0.0393314, 0.00018736, 0.00211799, -0.0490505, -0.998794, -0.0392748, 0.998021, -0.0490958, 0.00712923, 0.00943249, 0.0961184 )

[node name="BoneMiddleMiddle" parent="Player/RightHandController/RightPhysicsHand/RightHand/Armature_Left/Skeleton" index="11"]
transform = Transform( 0.90112, -0.432901, 0.0240869, -0.0456923, -0.150064, -0.98762, 0.431156, 0.888863, -0.155006, 0.00830444, 0.00796703, 0.125936 )

[node name="BoneMiddleDistal" parent="Player/RightHandController/RightPhysicsHand/RightHand/Armature_Left/Skeleton" index="12"]
transform = Transform( 0.723534, -0.690285, 0.00243967, -0.172605, -0.184338, -0.967588, 0.668361, 0.699661, -0.252521, -0.00511784, 0.0033142, 0.153496 )

[node name="BoneRingMetacarpal" parent="Player/RightHandController/RightPhysicsHand/RightHand/Armature_Left/Skeleton" index="13"]
transform = Transform( 0.999009, 0.0444944, -0.000672045, 0.00788389, -0.191836, -0.981395, -0.0437955, 0.980418, -0.191997, -3.14338e-09, -0.000522293, 0.0105753 )

[node name="BoneRingProximal" parent="Player/RightHandController/RightPhysicsHand/RightHand/Armature_Left/Skeleton" index="14"]
transform = Transform( 0.993169, 0.116494, -0.00670008, 0.0117931, -0.157336, -0.987475, -0.116089, 0.98065, -0.157635, 0.00351231, -0.015666, 0.0879703 )

[node name="BoneRingMiddle" parent="Player/RightHandController/RightPhysicsHand/RightHand/Armature_Left/Skeleton" index="15"]
transform = Transform( 0.865561, -0.498619, -0.0467217, -0.166109, -0.19783, -0.96606, 0.472453, 0.843944, -0.254059, 0.00682499, -0.0201401, 0.115857 )

[node name="BoneRingDistal" parent="Player/RightHandController/RightPhysicsHand/RightHand/Armature_Left/Skeleton" index="16"]
transform = Transform( 0.475025, -0.861852, -0.17766, -0.499622, -0.0979557, -0.860687, 0.724381, 0.497611, -0.477131, -0.00622966, -0.0253195, 0.137952 )

[node name="BonePinkyMetacarpal" parent="Player/RightHandController/RightPhysicsHand/RightHand/Armature_Left/Skeleton" index="17"]
transform = Transform( 0.999813, 0.0166299, 0.00978245, 0.016408, -0.466135, -0.884562, -0.0101502, 0.884557, -0.466321, 3.16697e-10, -0.000522297, 0.0105754 )

[node name="BonePinkyProximal" parent="Player/RightHandController/RightPhysicsHand/RightHand/Armature_Left/Skeleton" index="18"]
transform = Transform( 0.98895, -0.147942, -0.00946361, -0.0522291, -0.287969, -0.956215, 0.138739, 0.946143, -0.292514, 0.00128954, -0.0366702, 0.0791712 )

[node name="BonePinkyMiddle" parent="Player/RightHandController/RightPhysicsHand/RightHand/Armature_Left/Skeleton" index="19"]
transform = Transform( 0.740024, -0.658406, -0.137349, -0.308624, -0.150972, -0.939127, 0.597591, 0.737366, -0.314923, -0.00162087, -0.0423355, 0.0977853 )

[node name="BonePinkyDistal" parent="Player/RightHandController/RightPhysicsHand/RightHand/Armature_Left/Skeleton" index="20"]
transform = Transform( 0.463311, -0.822464, -0.329992, -0.51281, 0.0548708, -0.856747, 0.722751, 0.566164, -0.396346, -0.0115324, -0.0446074, 0.108884 )

[node name="Grapple_Target" parent="Player/RightHandController/Function_Grapple_movement" index="1"]
mesh = SubResource( 5 )

[node name="Car" parent="." instance=ExtResource( 2 )]
transform = Transform( 1, 0, 0, 0, 1, 0, 0, 0, 1, 3.428, 0.129713, -5.873 )
l_controller_path = NodePath("../Player/LeftHandController")
r_controller_path = NodePath("../Player/RightHandController")

[node name="naturePack_056" type="MeshInstance" parent="."]
transform = Transform( 1, 0, 0, 0, 1, 0, 0, 0, 1, 11.6277, 0.113651, 0.909956 )
mesh = ExtResource( 5 )

[node name="CSGBox" type="CSGBox" parent="."]
cast_shadow = 0
use_collision = true
width = 500.0
height = 0.25
depth = 500.0
material = SubResource( 6 )

[node name="MeshforMultiMesh" type="MeshInstance" parent="."]
visible = false
mesh = SubResource( 8 )

[node name="CactusMultiMeshInstance" type="MultiMeshInstance" parent="."]
multimesh = SubResource( 9 )

[node name="Viper" parent="." instance=ExtResource( 6 )]
transform = Transform( 1, 0, 0, 0, 1, 0, 0, 0, 1, -1.66681, 0.13, -6.27134 )
l_controller_path = NodePath("../Player/LeftHandController")
r_controller_path = NodePath("../Player/RightHandController")

[connection signal="car_entered" from="Car" to="." method="_on_Car_car_entered"]
[connection signal="car_exited" from="Car" to="." method="_on_Car_car_exited"]
[connection signal="car_entered" from="Viper" to="." method="_on_Viper_car_entered"]
[connection signal="car_exited" from="Viper" to="." method="_on_Viper_car_exited"]

[editable path="Player"]
[editable path="Player/LeftHandController/LeftPhysicsHand"]
[editable path="Player/LeftHandController/LeftPhysicsHand/LeftHand"]
[editable path="Player/LeftHandController/Function_Grapple_movement"]
[editable path="Player/LeftHandController/Function_BulletTime_movement"]
[editable path="Player/RightHandController/RightPhysicsHand"]
[editable path="Player/RightHandController/RightPhysicsHand/RightHand"]
[editable path="Player/RightHandController/Function_Grapple_movement"]
[editable path="Player/RightHandController/Function_Max_Payne_Dive_movement"]
